key,0,1
#,,
offset,0,4
Int32,String,String
0,"TEXT_VOICEMAN_06100_000010_TATARU","'새벽'이 해산한 이후로<hex:02100103>이곳도 조금은 조용해졌어용……."
1,"TEXT_VOICEMAN_06100_000020_TATARU","그래두, 그래두 외롭다거나 그렇진 않아용……"
2,"TEXT_VOICEMAN_06100_000030_TATARU","이 타타루의 정보망에 따르면, 모두 자신의 목적을 위해<hex:02100103>바쁘긴 해도 건강하게 잘 지내고 계시니까용!"
3,"TEXT_VOICEMAN_06100_000040_TATARU","그리고 사실 저도 여유 시간이 조금 생겼지 뭐예용.<hex:02100103>그래서 이걸 할까, 저걸 할까…… 이것저것 구상 중이랍니당!"
4,"TEXT_VOICEMAN_06100_000050_TATARU","모험가님은 앞으로 어떻게 하실 건가용?"
5,"TEXT_VOICEMAN_06100_Q1_000_001_NONE_VOICE","뭐라고 말씀하시겠습니까?"
6,"TEXT_VOICEMAN_06100_A1_000_001_NONE_VOICE","새로운 모험을 하고 싶어!"
7,"TEXT_VOICEMAN_06100_A1_000_002_NONE_VOICE","해야 할 일을 찾고 있어"
8,"TEXT_VOICEMAN_06100_A1_000_003_NONE_VOICE","…………"
9,"TEXT_VOICEMAN_06100_000060_TATARU","후후후, 하늘 끝까지 다녀오셨는데도<hex:02100103>모험가님은 여전하시네용!<hex:02100103>그럼 있잖아용, 저에게 좋은 생각이 있어용……!"
10,"TEXT_VOICEMAN_06100_000070_TATARU","다음에 뭘 할지 정하지 않으셨나용?<hex:02100103>그럼 있잖아용, 저에게 좋은 생각이 있어용……!"
11,"TEXT_VOICEMAN_06100_000080_TATARU","어마어마한 대모험을 하고 오신 다음이니까용.<hex:02100103>뭘 해야 하나 고민하고 계시다면<hex:02100103>저에게 좋은 생각이 있어용……!"
12,"TEXT_VOICEMAN_06100_000090_TATARU","지금까지 모험가님은<hex:02100103>곤경에 처한 사람을 돕고, 세계의 위협과 맞서면서<hex:02100103>계속 싸워오셨잖아용."
13,"TEXT_VOICEMAN_06100_000100_TATARU","그렇게 '영웅'이라 불리게 되셨지만……<hex:02100103>종말을 막아낸 지금은, 일단 그 직함을 내려놓는 것도<hex:02100103>괜찮지 않을까 싶어용."
14,"TEXT_VOICEMAN_06100_000110_TATARU","그리고 처음 '모래의 집'에서 만났던 그날처럼……<hex:02100103>평범한 모험가로 돌아가 세계를 돌아다녀 보시면 어떨까용?"
15,"TEXT_VOICEMAN_06100_Q2_000_001_NONE_VOICE","뭐라고 말씀하시겠습니까?"
16,"TEXT_VOICEMAN_06100_A2_000_001_NONE_VOICE","새로운 수수께끼를 만날 수 있을지도 몰라!"
17,"TEXT_VOICEMAN_06100_A2_000_002_NONE_VOICE","어디로 가야할까……"
18,"TEXT_VOICEMAN_06100_A2_000_003_NONE_VOICE","…………"
19,"TEXT_VOICEMAN_06100_000120_TATARU","오오!<hex:02100103>벌써 모험가다운 얼굴이 되셨어용!"
20,"TEXT_VOICEMAN_06100_000130_TATARU","그런데 목적지는 정하셨나용?"
21,"TEXT_VOICEMAN_06100_000135_TATARU","목적지를 아직 못 정하셨다면,<hex:02100103>이 타타루 타루에게 맡겨 주세용!"
22,"TEXT_VOICEMAN_06100_000140_TATARU","넓디넓은 세계이니,<hex:02100103>어디로 가야할지 막연하실 거예용……."
23,"TEXT_VOICEMAN_06100_000150_TATARU","하지만 안심하세용!<hex:02100103>이 타타루에게 좋은 생각이 있으니까용……!"
24,"TEXT_VOICEMAN_06100_000160_TATARU","목적지를 아직 못 정하셨다면,<hex:02100103>이 타타루 타루에게 맡겨 주세용!"
25,"TEXT_VOICEMAN_06100_000170_TATARU","제가 추천하는 목적지는용…… 바로바로 사베네어 섬!!"
26,"TEXT_VOICEMAN_06100_000180_TATARU","지난번엔 종말 소동도 있고 해서<hex:02100103>라자한을 천천히 둘러볼 여유도 없었잖아용.<hex:02100103>브리트라 님을 위해서라도 꼭! 가보세용!"
27,"TEXT_VOICEMAN_06100_000190_TATARU","게다가 사베네어 섬이 있는 풍요해는<hex:02100103>얼마 전까지만 해도 제국의 영향력이 강해서<hex:02100103>아직 모험가들의 발길이 닿지 않은 곳이라지 뭐예용."
28,"TEXT_VOICEMAN_06100_000200_TATARU","분명 지금도 수많은 수수께끼와 신비가 잠들어 있을 거예용!"
29,"TEXT_VOICEMAN_06100_000210_EMETSELCH","(-에메트셀크-)……너, 풍요해에 가라앉은 해저 유적에 가본 적 있어?"
30,"TEXT_VOICEMAN_06100_000220_EMETSELCH","(-에메트셀크-)……아젬의 크리스탈을 가진 자로서<hex:02100103>그 정도는 당연히 봐 둬야 할 거 아냐?"
31,"TEXT_VOICEMAN_06100_000230_TATARU","결정하신 것 같네용!<hex:02100103>새로운 모험을 앞두고 설레는 표정이 되셨어용!"
32,"TEXT_VOICEMAN_06100_000240_TATARU","그럼 모험가님의 새로운 출발을 기념해서<hex:02100103>제가 새 여행복을 선물해드리고 싶은데용……<hex:02100103>사실은 아직 만드는 중이거든용."
33,"TEXT_VOICEMAN_06100_000250_TATARU","전속력으로 완성할 테니까<hex:02100103>조금만 더 여기서 기다려 주시겠어용?"
34,"TEXT_VOICEMAN_06100_Q99_000_001_NONE_VOICE","뭐라고 말씀하시겠습니까?"
35,"TEXT_VOICEMAN_06100_A99_000_001_NONE_VOICE","항상 고마워, 타타루"
36,"TEXT_VOICEMAN_06100_A99_000_002_NONE_VOICE","모험가다운 여행복을 기대할게"
37,"TEXT_VOICEMAN_06100_000260_TATARU","이건 이렇게 하고……<hex:02100103>저건 저렇게 해서……"
38,"TEXT_VOICEMAN_06100_000270_TATARU","금방 마무리할 테니까<hex:02100103>쪼끔~만 기다려 주세용!"
39,"TEXT_VOICEMAN_06100_000280_TATARU","후후, 후후후후후!<hex:02100103>잘 되고 있어용~!<hex:02100103>이 기세로 사사삭 바느질을 하면 돼용~!"
40,"TEXT_VOICEMAN_06100_000290_TATARU","보이지 않는 곳에도 주머니를 많이 만들 거예용…….<hex:02100103>모험가님은, 쓰지도 않을 거면서<hex:02100103>가죽이나 깃털이나 나뭇잎 같은 걸 곧잘 주워오시니까용……."
41,"TEXT_VOICEMAN_06100_000300_TATARU","그리고 발수성도 중요하지용…….<hex:02100103>바다든 강이든 온천이든 아~무런 거리낌 없이,<hex:02100103>옷 입은 채로 막 들어가 버리시잖아용……."
42,"TEXT_VOICEMAN_06100_000310_MYSTERIOUSPERSON","나는 돌아온 것인가――"
43,"TEXT_VOICEMAN_06100_000320_TATARU","일어나셨나용?"
44,"TEXT_VOICEMAN_06100_000330_TATARU","기다리시게 해서 죄송해용!<hex:02100103>바느질에 열중하다 보니……."
45,"TEXT_VOICEMAN_06100_000340_TATARU","무슨 좋은 꿈이라도 꾸셨어용……?<hex:02100103>아니면 앞으로의 모험 때문에 벌써 흥분되시나용?"
46,"TEXT_VOICEMAN_06100_000350_TATARU","자자, 그렇게 들떠 계신 우리 모험가님께<hex:02100103>꼭 맞는 여행복이 조금 있으면 완성돼용!"
47,"TEXT_VOICEMAN_06100_000360_TATARU","마무리는 공방에서 할 거니까<hex:02100103>'다이아몬드 제련소'까지 와주시겠어용?"
48,"TEXT_VOICEMAN_06100_000370_MEHRAHD","(-꾀죄죄한 소년-)부탁해요, 잣샬 씨!<hex:02100103>나에게도 그 보물 지도를 팔아 주세요!"
49,"TEXT_VOICEMAN_06100_000380_BAZAARMOBA","대체 무슨 일이야?"
50,"TEXT_VOICEMAN_06100_000390_MEHRAHD","(-꾀죄죄한 소년-)부모님은 종말의 야수에게 공격당해서 돌아가셨어요!<hex:02100103>여동생은 아직 어리고…… 그래서!"
51,"TEXT_VOICEMAN_06100_000400_ZASSHAL","그래서, 보물을 찾고 싶단 거냐?<hex:02100103>하지만 꼬맹아, 지도를 사려면 돈을 내야지."
52,"TEXT_VOICEMAN_06100_000410_ZASSHAL","너한테 그럴 돈이 있기나 한 거야?"
53,"TEXT_VOICEMAN_06100_000420_ZASSHAL","흥!<hex:02100103>돈 없으면 집에 가서 손가락이나 빨아!"
54,"TEXT_VOICEMAN_06100_000430_ZASSHAL","이 지도로 말할 것 같으면, 초대 족장인 알자달의 후손이자<hex:02100103>라자한의 여명기를 이끌었던 위대한 태수 알자달 3세가 남긴,<hex:02100103>보물고의 위치가 나와 있는 지도거든?"
55,"TEXT_VOICEMAN_06100_000440_BAZAARMOBA","알자달의 보물고라고?"
56,"TEXT_VOICEMAN_06100_000450_BAZAARMOBB","진짜야?"
57,"TEXT_VOICEMAN_06100_000460_BAZAARMOBC","(-시장 행인-)어차피 가짜겠지!"
58,"TEXT_VOICEMAN_06100_000470_ZASSHAL","어허, 가짜라니 섭섭한 소리 하지 말라고!<hex:02100103>이 지도에는 보물고를 열 수 있는 암호가 적혀 있거든?"
59,"TEXT_VOICEMAN_06100_000480_ZASSHAL","이게 없으면 유적을 찾아내더라도<hex:02100103>안에 들어갈 수조차 없다 이 말이야!<hex:02100103>이 암호가 바로, 보물 지도가 진짜라는 증거가 아니고 뭐겠어!"
60,"TEXT_VOICEMAN_06100_000490_ZASSHAL","종말 소동으로 무너진 유적을 복구하던 한 장인이<hex:02100103>너덜너덜한 지도를 발견했고!<hex:02100103>그걸 바로 이 몸, 잣샬이 완벽하게 복원해냈단 말씀!"
61,"TEXT_VOICEMAN_06100_000500_ZASSHAL","이 지도가 있으면 일확천금도 꿈이 아니라고!<hex:02100103>하지만 이 정도 돈도 낼 수 없는 녀석은 꿈꿀 자격도 없어!"
62,"TEXT_VOICEMAN_06100_000510_ZASSHAL","뭐, 어차피 너 같은 꼬맹이는<hex:02100103>보물고에 도착하기도 전에 죽겠지만 말이야!"
63,"TEXT_VOICEMAN_06100_000520_ZASSHAL","핫핫핫!"
64,"TEXT_VOICEMAN_06100_000530_MEHRAHD","(-꾀죄죄한 소년-)제, 젠장!<hex:02100103>눈앞에 일확천금의 기회가 있는데!"
65,"TEXT_VOICEMAN_06100_000540_MEHRAHD","(-꾀죄죄한 소년-)누가 이 지도의 주인이 될까! 부러워 죽겠어!<hex:02100103>지불한 돈의 몇 배…… 아니, 그 이상의 가치가 있는 보물을<hex:02100103>손에 넣을 수 있는 거잖아!"
66,"TEXT_VOICEMAN_06100_000550_ZASSHAL","이봐, 어때?<hex:02100103>알자달 3세가 남긴 보물에 관심 없으신가?<hex:02100103>자네 같은, 특출난 무인에게 이 지도가 딱일 것 같은데!"
67,"TEXT_VOICEMAN_06100_000560_ESTINIEN","보물 지도라……."
68,"TEXT_VOICEMAN_06100_000570_MEHRAHD","(-꾀죄죄한 소년-)나에게도 힘이 있다면<hex:02100103>보물을 찾아서 동생을 먹여 살릴 수 있을 텐데……!!"
69,"TEXT_VOICEMAN_06100_000580_ESTINIEN","그럼 내가 사지.<hex:02100103>이거면 되나?"
70,"TEXT_VOICEMAN_06100_000590_ESTINIEN","여어, 친구……."
71,"TEXT_VOICEMAN_06100_000600_ESTINIEN","드디어 본업으로 돌아가서…… 모험을 다시 시작하는 건가."
72,"TEXT_VOICEMAN_06100_000610_ESTINIEN","그런데 왜 굳이 사베네어 섬을 골랐지?<hex:02100103>네가 그저 관광을 하거나 물건을 사겠다고<hex:02100103>여길 오지는 않았을 텐데?"
73,"TEXT_VOICEMAN_06100_000620_ESTINIEN","풍요해에 가라앉은 해저 유적이라…….<hex:02100103>……우연히도 내 손에는<hex:02100103>그 유적의 위치를 알려주는 보물 지도가 있군그래……."
74,"TEXT_VOICEMAN_06100_000630_ZASSHAL","자자, 특가 상품도 팔렸으니<hex:02100103>오늘 장사는 이쯤에서 마무리해야겠군.<hex:02100103>그럼 잘 가라고, 무인 형씨!"
75,"TEXT_VOICEMAN_06100_000640_ESTINIEN","아아, 그래 수고해."
76,"TEXT_VOICEMAN_06100_000650_ZASSHAL","그나저나 이 나라를 종말에서 구해주신<hex:02100103>영웅님께서 오실 줄은 몰랐네.<hex:02100103>부디 천벌은 안 받아야 할 텐데……."
77,"TEXT_VOICEMAN_06100_000660_ESTINIEN","어디 보자, 이 지도가 진짜든 가짜든<hex:02100103>확인하려면 배가 필요한데 말이야."
78,"TEXT_VOICEMAN_06100_Q3_000_001_NONE_VOICE","뭐라고 말씀하시겠습니까?"
79,"TEXT_VOICEMAN_06100_A3_000_001_NONE_VOICE","꽤나 적극적인걸"
80,"TEXT_VOICEMAN_06100_A3_000_002_NONE_VOICE","보물에 관심 있는 거야?"
81,"TEXT_VOICEMAN_06100_000670_ESTINIEN","딱히 보물을 노리는 건 아냐."
82,"TEXT_VOICEMAN_06100_000680_ESTINIEN","하지만 만약 정말 보물이 있다면<hex:02100103>종말 소동으로 인해 가족을 잃은 이 나라 사람들에게 주려고 해."
83,"TEXT_VOICEMAN_06100_000690_ESTINIEN","궁핍한 알라미고 시민을 위해<hex:02100103>'폐왕의 황금'을 가지고 돌아온 너희처럼 말이야."
84,"TEXT_VOICEMAN_06100_000700_ESTINIEN","언제였더라, 알피노 녀석에게 들었어.<hex:02100103>너와 모험했던 이야기를 말이지."
85,"TEXT_VOICEMAN_06100_000710_ESTINIEN","그건 그렇고,<hex:02100103>조금 전 상인에게 울면서 매달리던 꼬마가 있었지?<hex:02100103>아마 그 녀석과 상인은 한패일 거야."
86,"TEXT_VOICEMAN_06100_000720_ESTINIEN","지나가는 사람의 관심을 끌어서<hex:02100103>상당한 가치가 있는 지도처럼 보이게 하려고<hex:02100103>삼류 연극을 펼친 거겠지."
87,"TEXT_VOICEMAN_06100_000730_ESTINIEN","하지만 그 녀석, 어린 여동생을 먹여 살려야 한다고<hex:02100103>말할 때의 그 눈빛은 진심인 것 같았어."
88,"TEXT_VOICEMAN_06100_000740_ESTINIEN","그 꼬마 몫으로 얼마나 돌아갈지는 모르지만,<hex:02100103>조금이라도 생활의 보탬이 되긴 하겠지.<hex:02100103>지도의 진위 여부는 둘째 치더라도."
89,"TEXT_VOICEMAN_06100_000750_ESTINIEN","그래서……<hex:02100103>너도 갈 거지, 친구?"
90,"TEXT_VOICEMAN_06100_Q4_000_001_NONE_VOICE","뭐라고 말씀하시겠습니까?"
91,"TEXT_VOICEMAN_06100_A4_000_001_NONE_VOICE","물론이지!"
92,"TEXT_VOICEMAN_06100_A4_000_002_NONE_VOICE","지도값, 내가 반 낼까?"
93,"TEXT_VOICEMAN_06100_000760_ESTINIEN","모험가를 상대로 할 질문은 아니었군."
94,"TEXT_VOICEMAN_06100_000770_ESTINIEN","내 지갑 사정은 걱정하지 않아도 돼.<hex:02100103>이래 봬도 돈 계산하는 방법은 좀 배웠거든…….<hex:02100103>'새벽'에서 배운 것 중 하나랄까."
95,"TEXT_VOICEMAN_06100_000780_ESTINIEN","자, 일단 배를 구해보자."
96,"TEXT_VOICEMAN_06100_000790_GRAHATIA","야슈톨라가 조사 중에 잠이 들다니<hex:02100103>별 희한한 일이 다 있네……."
97,"TEXT_VOICEMAN_06100_000800_YSHTOLA","……아, 언제 이렇게……."
98,"TEXT_VOICEMAN_06100_000810_YSHTOLA","으윽"
99,"TEXT_VOICEMAN_06100_000820_YSHTOLA","당신들…… 언제부터 거기 있었죠?"
100,"TEXT_VOICEMAN_06100_000830_YSHTOLA","（★未使用／削除予定★）"
101,"TEXT_VOICEMAN_06100_Q5_000_001_NONE_VOICE","뭐라고 말씀하시겠습니까?"
102,"TEXT_VOICEMAN_06100_A5_000_001_NONE_VOICE","지금 막 왔어!"
103,"TEXT_VOICEMAN_06100_A5_000_002_NONE_VOICE","깨우면 안 될 것 같아서"
104,"TEXT_VOICEMAN_06100_A5_000_003_NONE_VOICE","뭔가 조사하고 있었어?"
105,"TEXT_VOICEMAN_06100_000840_YSHTOLA","……정말이죠?"
106,"TEXT_VOICEMAN_06100_000850_YSHTOLA","……긴장을 풀고 말았네요."
107,"TEXT_VOICEMAN_06100_000860_YSHTOLA","……네, 보다시피 맞아요."
108,"TEXT_VOICEMAN_06100_000870_YSHTOLA","후우…… 이틀…… 아니 사흘인가…….<hex:02100103>잠을 안 잤다는 걸 깜박하고 있었어요."
109,"TEXT_VOICEMAN_06100_000880_YSHTOLA","……하이델린에 의해<hex:02100103>14개로 나누어진 세계."
110,"TEXT_VOICEMAN_06100_000890_YSHTOLA","이곳, 원초세계에서 거울 세계로 건너가는 방법에 대해서<hex:02100103>조금이라도 단서가 있을까 해서 조사하고 있었는데<hex:02100103>아직 결정적인 것은 찾지 못했고……."
111,"TEXT_VOICEMAN_06100_000900_YSHTOLA","단편적이라도 과거에 비슷한 현상이 일어난 적은 없는지<hex:02100103>손에 잡히는 책은 닥치는 대로 다 읽어보고 있었어요."
112,"TEXT_VOICEMAN_06100_000910_YSHTOLA","'세계를 넘나드는 술법 정도는 금세 알아낼 거예요'……."
113,"TEXT_VOICEMAN_06100_000920_YSHTOLA","그 아이와 그런 약속은 했지만,<hex:02100103>말처럼 쉽게 이룰 수 있다고는 생각하지 않아요."
114,"TEXT_VOICEMAN_06100_000930_GRAHATIA","괜찮아, 너무 낙심하지 마."
115,"TEXT_VOICEMAN_06100_000940_GRAHATIA","내가 썼던, 크리스탈 타워를 이용한 차원 도약도<hex:02100103>몇 세대에 걸친 노력 끝에 겨우 이룰 수 있었어.<hex:02100103>하루 아침에 되는 일이 아니야."
116,"TEXT_VOICEMAN_06100_000950_YSHTOLA","어머, 내가 낙심한 사람처럼 보여요?<hex:02100103>오히려 그 반대예요."
117,"TEXT_VOICEMAN_06100_000960_YSHTOLA","드디어 집중해서 도전할 만한 과제를 만났는걸요.<hex:02100103>어렸을 때로 돌아간 듯한 기분이에요."
118,"TEXT_VOICEMAN_06100_000970_GRAHATIA","내가 괜한 걱정을 했군."
119,"TEXT_VOICEMAN_06100_000980_YSHTOLA","그나저나, 당신들은 왜 여기에 있죠?"
120,"TEXT_VOICEMAN_06100_000990_YSHTOLA","알자달이란 이름은 라자한에서 들어본 적이 있어요."
121,"TEXT_VOICEMAN_06100_001000_YSHTOLA","하지만 그 후손이 이세계로 건너갔다가<hex:02100103>살아 돌아왔다는 이야기는 금시초문이군요."
122,"TEXT_VOICEMAN_06100_001010_YSHTOLA","만약 그것이 진짜라면 차원 도약에 대한<hex:02100103>단서를 얻을 수 있을지도 모르겠어요."
123,"TEXT_VOICEMAN_06100_001020_YSHTOLA","……후후, 세계의 수수께끼에 도전하는 모험인 셈이네요.<hex:02100103>당신들의 제안을 기꺼이 받아들일게요."
124,"TEXT_VOICEMAN_06100_001030_YSHTOLA","그래서……<hex:02100103>그 보물고로 가려면 어디로 가야 하죠?"
125,"TEXT_VOICEMAN_06100_001040_GRAHATIA","아크얄리에서 배로 가야 하는 모양인데,<hex:02100103>그 전에 위리앙제에게도 함께 가자고 하자.<hex:02100103>아마 라비린토스에 있는 '타우마제인'에 있을 거야."
126,"TEXT_VOICEMAN_06100_001050_YSHTOLA","그럼 서두르도록 하죠."
127,"TEXT_VOICEMAN_06100_001060_GRAHATIA","아, 오지카구나?<hex:02100103>마침 잘 왔어……."
128,"TEXT_VOICEMAN_06100_001070_GRAHATIA","미안하지만 부탁 좀…… 해도…… 될까?"
129,"TEXT_VOICEMAN_06100_001080_KRILE","어머, 어서와."
130,"TEXT_VOICEMAN_06100_001090_GRAHATIA","오기 전에 미리 연락해주지 그랬어…….<hex:02100103>깜짝 놀랐잖아."
131,"TEXT_VOICEMAN_06100_Q6_000_001_NONE_VOICE","뭐라고 말씀하시겠습니까?"
132,"TEXT_VOICEMAN_06100_A6_000_001_NONE_VOICE","두 사람은 여기서 뭘 해?"
133,"TEXT_VOICEMAN_06100_A6_000_002_NONE_VOICE","그쪽 근황은 어때?"
134,"TEXT_VOICEMAN_06100_001100_KRILE","나와 라하는<hex:02100103>발데시온 위원회를 재건하기 위해<hex:02100103>과거의 활동 기록을 모아 새롭게 편찬하고 있어."
135,"TEXT_VOICEMAN_06100_001110_KRILE","지금은 위원회 재건을 목표로 삼고 있어.<hex:02100103>그래서 나와 라하가 이렇게<hex:02100103>과거의 활동 기록을 모아 새롭게 편찬하는 중이고."
136,"TEXT_VOICEMAN_06100_001120_KRILE","하지만 그 기록이란 것도 누메논 대서원에서만 간신히 찾았고,<hex:02100103>거의 대부분 발 섬과 함께 소멸해 버린 상태야……."
137,"TEXT_VOICEMAN_06100_001130_KRILE","누메논 대서원에서 발견한 기록과<hex:02100103>발 섬에서 회수한 기록을 통합하고 있어."
138,"TEXT_VOICEMAN_06100_001140_GRAHATIA","이제 시작한 지 얼마 안 됐어.<hex:02100103>그냥 느긋하게 하는 수밖에 없을 것 같아."
139,"TEXT_VOICEMAN_06100_001150_GRAHATIA","……그런데 일부러 여기 들른 걸 보니,<hex:02100103>우리에게 무슨 볼일이라도 있는 거야?"
140,"TEXT_VOICEMAN_06100_001160_GRAHATIA","라자한의 위대한 태수, 알자달 3세가 남긴 보물고……."
141,"TEXT_VOICEMAN_06100_001170_KRILE","당신은 그 해저 유적 탐험에<hex:02100103>같이 가 줄 사람을 찾고 있구나?"
142,"TEXT_VOICEMAN_06100_001180_KRILE","함께 가고 싶은 마음은 굴뚝 같지만<hex:02100103>사실 지금 다른 의뢰도 들어와 있어.<hex:02100103>안 그래도 그것 때문에 당신과 의논을 할까 했었는데……"
143,"TEXT_VOICEMAN_06100_001190_KRILE","（★未使用／削除予定★）"
144,"TEXT_VOICEMAN_06100_001191_KRILE","뭐, 그렇게까지 급한 의뢰는 아니니까,<hex:02100103>볼일을 마치거든 나중에 다시 와줘."
145,"TEXT_VOICEMAN_06100_001200_KRILE","그러니까 라하…… 괜찮아, 다녀와.<hex:02100103>여긴 내가 남아 있을게."
146,"TEXT_VOICEMAN_06100_001210_GRAHATIA","저, 정말이야!?<hex:02100103>정말 그래도 돼……!?"
147,"TEXT_VOICEMAN_06100_001220_KRILE","응, 물론이지.<hex:02100103>하지만 다른 의뢰도 있으니 너무 늦게 오지는 말고."
148,"TEXT_VOICEMAN_06100_001230_GRAHATIA","이렇게 빨리 너와 또다시 모험을 떠날 수 있다니!"
149,"TEXT_VOICEMAN_06100_001240_GRAHATIA","그래서 또 누구와 함께 가기로 했어?"
150,"TEXT_VOICEMAN_06100_001250_GRAHATIA","그럼 야슈톨라에게도 말을 걸어보지 않을래?"
151,"TEXT_VOICEMAN_06100_001260_GRAHATIA","'새벽의 혈맹'이 해산한 뒤로<hex:02100103>야슈톨라는 '세계를 넘나드는 술법'을 찾기 위해<hex:02100103>구브라 환상도서관에 틀어박혀 지냈나 보던데……."
152,"TEXT_VOICEMAN_06100_001270_GRAHATIA","도저히 원하는 자료를 찾을 수 없었는지,<hex:02100103>며칠 전에 이곳에 들러서<hex:02100103>이번엔 누메논 대서원으로 갈 거라고 했었어."
153,"TEXT_VOICEMAN_06100_001280_GRAHATIA","알자달 3세가 이세계에서 살아 돌아왔다는 소문이 진짜라면<hex:02100103>야슈톨라가 하는 연구의 단서를 얻을 수 있을지도 몰라.<hex:02100103>분명 관심을 가질 거야."
154,"TEXT_VOICEMAN_06100_001290_GRAHATIA","좋아, 그럼<hex:02100103>어서 야슈톨라에게……"
155,"TEXT_VOICEMAN_06100_001300_KRILE","아, 잠깐.<hex:02100103>마침 좋은 기회니까 위리앙제 씨에게도 함께 가자고 해봐."
156,"TEXT_VOICEMAN_06100_001310_KRILE","위리앙제 씨가 발데시온 위원회 앞으로 상담을 요청했었거든.<hex:02100103>보물고에 관한 자료가 필요하다면서."
157,"TEXT_VOICEMAN_06100_001320_KRILE","뭐라더라, 레포릿들이 보물고를 개량하기 위해<hex:02100103>인간의 문화를 알고 싶어한다나……."
158,"TEXT_VOICEMAN_06100_001330_KRILE","뭐라더라, 레포릿들이 인간을 즐겁게 하기 위한<hex:02100103>보물고를 만들고 싶어한다나……."
159,"TEXT_VOICEMAN_06100_001340_KRILE","그러니 아예 위리앙제 씨를 현지로 데리고 가서<hex:02100103>보물고를 조사하게 하면 어떨까?"
160,"TEXT_VOICEMAN_06100_001350_GRAHATIA","그래, 직접 눈으로 보는 것보다<hex:02100103>더 확실한 정보는 없으니까."
161,"TEXT_VOICEMAN_06100_001360_GRAHATIA","야슈톨라에게 들렀다가<hex:02100103>위리앙제에게도 가서 말을 꺼내보자."
162,"TEXT_VOICEMAN_06100_001370_KRILE","두 사람 모두 조심해서 다녀와.<hex:02100103>그리고 의논할 게 있다는 내 말도, 잊지 말아줘."
163,"TEXT_VOICEMAN_06100_001380_GRAHATIA","좋아, 그럼<hex:02100103>'야슈톨라'를 찾으러 누메논 대서원으로 가자!"
164,"TEXT_VOICEMAN_06100_001390_SYSTEM_NONE_VOICE","（★未使用／削除予定★）"
165,"TEXT_VOICEMAN_06100_001400_URIANGER","오호, 이게 누구십니까……."
166,"TEXT_VOICEMAN_06100_001410_URIANGER","그리하여 영웅은, 이름을 숨긴 채 새로운 모험을 떠난다……."
167,"TEXT_VOICEMAN_06100_001420_URIANGER","당신이 활동을 재개하셨다는 이야기는<hex:02100103>두 사람에게 들었습니다."
168,"TEXT_VOICEMAN_06100_Q7_000_001_NONE_VOICE","뭐라고 말씀하시겠습니까?"
169,"TEXT_VOICEMAN_06100_A7_000_001_NONE_VOICE","잘 지내고 있었구나"
170,"TEXT_VOICEMAN_06100_A7_000_002_NONE_VOICE","산크레드는 어디 갔어?"
171,"TEXT_VOICEMAN_06100_001430_URIANGER","감사합니다.<hex:02100103>당신도 여전히 잘 지내시는 것 같아 다행입니다."
172,"TEXT_VOICEMAN_06100_001440_URIANGER","그는 볼일이 있어 자리를 비웠습니다.<hex:02100103>금방 돌아올 거라 생각합니다만……."
173,"TEXT_VOICEMAN_06100_001450_YSHTOLA","'새벽의 혈맹'이 해산한 이후로 지금까지<hex:02100103>당신은 뭘 하고 있었죠?"
174,"TEXT_VOICEMAN_06100_001460_URIANGER","산크레드와 함께<hex:02100103>각국의 상황을 둘러보고 다녔습니다."
175,"TEXT_VOICEMAN_06100_001470_URIANGER","그런데 얼마 전 레포릿들에게서<hex:02100103>협력 요청이 들어와서 말입니다."
176,"TEXT_VOICEMAN_06100_001480_URIANGER","본래의 역할을 잃은 달을 어찌 활용할 것인지<hex:02100103>철학자 의회와 검토를 시작했다며<hex:02100103>조언을 해달라고 하기에 돌아왔습니다."
177,"TEXT_VOICEMAN_06100_001490_GRAHATIA","그게 어떻게 보물고 이야기로 연결되는 거지?"
178,"TEXT_VOICEMAN_06100_001500_URIANGER","아, 쿠루루 양에게서 들으셨군요."
179,"TEXT_VOICEMAN_06100_001510_URIANGER","어디서 들었는지,<hex:02100103>모험가들은 보물 지도를 좋아한다는 걸 알게 됐다면서."
180,"TEXT_VOICEMAN_06100_001520_URIANGER","달에 보물고를 지어서 모험가들을 불러들이겠다더군요.<hex:02100103>인간을 즐겁게 하고 싶다는 순수한 발상이기에<hex:02100103>협력 요청을 딱 잘라 거절도 못하고 있던 참이었습니다만……"
181,"TEXT_VOICEMAN_06100_001530_URIANGER","여러분은 어찌하여 여기에?"
182,"TEXT_VOICEMAN_06100_001540_URIANGER","그렇습니까.<hex:02100103>네, 그 제안은 참으로 시기적절하군요."
183,"TEXT_VOICEMAN_06100_001550_URIANGER","저도 그 조사에<hex:02100103>꼭 동행하고 싶습니다."
184,"TEXT_VOICEMAN_06100_001560_URIANGER","이렇게 어떠한 사명도 없는,<hex:02100103>순수한 모험이 대체 얼마만인지요."
185,"TEXT_VOICEMAN_06100_001570_YSHTOLA","'새벽'이 해산했기 때문에<hex:02100103>실현된 여행이라고 할 수 있겠군요."
186,"TEXT_VOICEMAN_06100_001580_GRAHATIA","에스티니앙까지 가면 5명이군.<hex:02100103>보물고에는 어떤 함정이 설치되어 있을지 몰라.<hex:02100103>이보다 더 많은 인원이 가는 건 안 좋을 수도 있어."
187,"TEXT_VOICEMAN_06100_001590_YSHTOLA","역할 분담은 문제없이 할 수 있을 것 같으니……<hex:02100103>이 인원으로 가기로 해요."
188,"TEXT_VOICEMAN_06100_001600_THANCRED","(-???-)이런…… 인사라도 할까 했는데<hex:02100103>벌써 떠나려고?"
189,"TEXT_VOICEMAN_06100_001610_URIANGER","산크레드.<hex:02100103>볼일은 다 마치셨습니까?"
190,"TEXT_VOICEMAN_06100_001620_THANCRED","그래, 네가 레포릿들과 이야기하고 있는 동안,<hex:02100103>과거에 신세 졌던 은사님을 만나고 올까 했는데……<hex:02100103>결국 만나지는 못하고 왔어."
191,"TEXT_VOICEMAN_06100_Q8_000_001_NONE_VOICE","뭐라고 말씀하시겠습니까?"
192,"TEXT_VOICEMAN_06100_A8_000_001_NONE_VOICE","건강해 보여서 다행이야"
193,"TEXT_VOICEMAN_06100_A8_000_002_NONE_VOICE","위리앙제와의 여행은 어땠어?"
194,"TEXT_VOICEMAN_06100_001630_THANCRED","이번에는 신형 에테라이트를 사용하지 않았거든.<hex:02100103>에테르 멀미만 아니면 몸 상태가 안 좋을 이유도 없다고."
195,"TEXT_VOICEMAN_06100_001640_THANCRED","별점을 칠 줄 아는 녀석과 함께 있으니 마음이 든든하더군.<hex:02100103>최근엔 저 무뚝뚝한 성격도 좀 개선이 되는 것 같고."
196,"TEXT_VOICEMAN_06100_001650_THANCRED","일사바드 대륙을 한 바퀴 쭉 둘러보고 왔는데,<hex:02100103>정도의 차이는 좀 있지만, 여전히 어디든 혼란스럽더군."
197,"TEXT_VOICEMAN_06100_001660_THANCRED","종말의 재앙이라는 인류 공통의 위기가<hex:02100103>사람들을 결속시켰던 측면도 있었는데,<hex:02100103>그 위기가 사라졌으니 그렇게 될 수밖에."
198,"TEXT_VOICEMAN_06100_001670_THANCRED","지금은 그 혼란의 불씨가 더 커지지 않도록<hex:02100103>계속 감시하는 게 고작이야."
199,"TEXT_VOICEMAN_06100_001680_THANCRED","그런데 너희들은 여기서 뭘 하고 있지?"
200,"TEXT_VOICEMAN_06100_001690_THANCRED","풍요해에 가라앉은 해저 유적이라…….<hex:02100103>그럼 실력파 점술사 위리앙제 선생님은<hex:02100103>유적 조사라는 새로운 일에 함께 하는 건가?"
201,"TEXT_VOICEMAN_06100_001700_URIANGER","아뇨, 저는 고용주인 레포릿들을 대신해 조사하러 가는 것일뿐,<hex:02100103>이른바 하청을 받은 거라고 할 수 있습니다……."
202,"TEXT_VOICEMAN_06100_001710_THANCRED","에스티니앙도 있다면 인원수는 충분하겠네.<hex:02100103>내가 나설 자리는 없어 보이는군."
203,"TEXT_VOICEMAN_06100_001720_YSHTOLA","서운하면 당신도 데려가자고 부탁해줄 수도 있는데요?"
204,"TEXT_VOICEMAN_06100_001730_THANCRED","'새벽'은 해산했어도 '마녀'의 입담은 여전하군……."
205,"TEXT_VOICEMAN_06100_001740_THANCRED","예전 '새벽'이었던 우리들이 줄줄이 움직이면<hex:02100103>쓸데없이 불안만 조성하게 될 거야……."
206,"TEXT_VOICEMAN_06100_001750_THANCRED","난 늘 그랬듯 혼자 움직이면서<hex:02100103>이번에는 동방으로 활동 반경을 넓혀볼까 해.<hex:02100103>또 흥미로운 이야기가 있을 때, 다시 불러줘."
207,"TEXT_VOICEMAN_06100_001760_THANCRED","그럼, 또 보자."
208,"TEXT_VOICEMAN_06100_001770_URIANGER","그럼 가실까요.<hex:02100103>아크얄리에서 '에스티니앙'과 합류하기로 했다고 하셨죠."
209,"TEXT_VOICEMAN_06100_001780_GRAHATIA","저게 뭐지……?"
210,"TEXT_VOICEMAN_06100_001790_URIANGER","라자한식 연금솥으로 보입니다만……."
211,"TEXT_VOICEMAN_06100_001800_YSHTOLA","조사해 보지 않으면 알 수 없겠네요."
212,"TEXT_VOICEMAN_06100_001810_VARSHAHN","(-???-)잠깐!<hex:02100103>그 장치를 만져서는 안 된다!"
213,"TEXT_VOICEMAN_06100_001820_GRAHATIA","당신은 브리트라….<hex:02100103>아니, 그 모습일 때에는 바르샨이었나."
214,"TEXT_VOICEMAN_06100_001830_VARSHAHN","브리트라라고 불러도 된다.<hex:02100103>이제 와서 숨길 필요도 없으니."
215,"TEXT_VOICEMAN_06100_001840_VARSHAHN","그나저나<hex:02100103>이런 곳에서 그대들과 다시 만날 줄은 몰랐다.<hex:02100103>설마 도굴이 목적은…… 아니겠지?"
216,"TEXT_VOICEMAN_06100_001850_ESTINIEN","아니, 누가 들으면 오해할 말을…… 이라고 말하고 싶지만,<hex:02100103>강하게 부정은 못하겠군."
217,"TEXT_VOICEMAN_06100_001860_URIANGER","……천룡 브리트라여.<hex:02100103>저 장치가 무엇인지 여쭤봐도 되겠습니까……?"
218,"TEXT_VOICEMAN_06100_001870_VARSHAHN","……과거에 내가 연금술사들에게 만들도록 한 것이다.<hex:02100103>무언가를 봉인하기 위해서."
219,"TEXT_VOICEMAN_06100_Q9_000_001_NONE_VOICE","뭐라고 말씀하시겠습니까?"
220,"TEXT_VOICEMAN_06100_A9_000_001_NONE_VOICE","무엇을 봉인하고 있어?"
221,"TEXT_VOICEMAN_06100_A9_000_002_NONE_VOICE","나는 말렸는데 야슈톨라가……"
222,"TEXT_VOICEMAN_06100_A9_000_003_NONE_VOICE","…………"
223,"TEXT_VOICEMAN_06100_001880_YSHTOLA","당신…… 나중에 얘기하죠."
224,"TEXT_VOICEMAN_06100_001890_GRAHATIA","아니, 지금은 농담할 때가 아니잖아!"
225,"TEXT_VOICEMAN_06100_001900_URIANGER","무엇을 봉인하고 있는 겁니까……?"
226,"TEXT_VOICEMAN_06100_001910_URIANGER","무엇을 봉인하고 있는 겁니까……?"
227,"TEXT_VOICEMAN_06100_001920_VARSHAHN","직접 보는 게 빠르겠군."
228,"TEXT_VOICEMAN_06100_001930_VARSHAHN","나에게만 주어진 권한으로, 봉인을 임시 해제했다."
229,"TEXT_VOICEMAN_06100_001940_URIANGER","이건…… 보이드의 틈……!?"
230,"TEXT_VOICEMAN_06100_001950_GRAHATIA","……아니.<hex:02100103>작긴 해도 이건…… 보이드의 문이야!"
231,"TEXT_VOICEMAN_06100_001960_YSHTOLA","자세히 말해줄 수 있나요?<hex:02100103>왜 이런 곳에 보이드의 문이 봉인되어 있는 건지……."
232,"TEXT_VOICEMAN_06100_001970_VARSHAHN","……그 이유를 말하기 전에<hex:02100103>머나먼 남방의 옛날이야기부터 해야 할 것 같군."
233,"TEXT_VOICEMAN_06100_001980_VARSHAHN","5000년도 더 지난 일이지…….<hex:02100103>알라그 제국이 남방대륙 메라시디아를 침략하기 위해<hex:02100103>전쟁을 일으켰다."
234,"TEXT_VOICEMAN_06100_001990_VARSHAHN","알라그 군대는 거침없이 공격을 퍼부었지.<hex:02100103>메라시디아 백성은 두 천룡, 바하무트와 티아마트를 중심으로 뭉쳐<hex:02100103>용감하게 맞서 싸웠다."
235,"TEXT_VOICEMAN_06100_002000_VARSHAHN","하지만 바하무트가 당하면서 균형이 무너졌다.<hex:02100103>그리하여 열세에 몰린 메라시디아 백성은<hex:02100103>잇달아 야만신을 소환했고……."
236,"TEXT_VOICEMAN_06100_002010_VARSHAHN","이에 맞서기 위해 당시 알라그 황제였던 잔데는<hex:02100103>보이드의 마왕 '어둠의 구름'과 계약을 맺는 전략을 택했다."
237,"TEXT_VOICEMAN_06100_002020_VARSHAHN","야만신을 위시하는 메라시디아 군대와<hex:02100103>마왕의 부하인 요마를 거느리는 알라그 군대의 정면 충돌…….<hex:02100103>비참하기 그지없는 전투였지."
238,"TEXT_VOICEMAN_06100_002030_GRAHATIA","우리도 그 무렵의 역사에 대해서<hex:02100103>잘 알고 있다고 생각하는데…… 마치 실제로 본 것 같은 말투로군."
239,"TEXT_VOICEMAN_06100_002040_VARSHAHN","실제로, 보고 있었다……."
240,"TEXT_VOICEMAN_06100_002050_VARSHAHN","열세에 몰린 티아마트의 포효를 듣고<hex:02100103>그곳으로 달려간 나와……"
241,"TEXT_VOICEMAN_06100_002060_VARSHAHN","'누이'인 아주다야가……."
242,"TEXT_VOICEMAN_06100_002070_VARSHAHN","본래 우리 용에게는 성별의 개념이 없지만……<hex:02100103>인간의 언어로 표현한다면<hex:02100103>나에게 아주다야는, '누이'라고 불러야 할 존재일 것이다."
243,"TEXT_VOICEMAN_06100_002080_VARSHAHN","가장 늦게 부화한, 어린 나를<hex:02100103>부모 대신 키워준 상대이기도 하다."
244,"TEXT_VOICEMAN_06100_002090_VARSHAHN","그래서 당시에도 함께 있다가<hex:02100103>티아마트의 포효를 듣고 남쪽으로 달려갔고……<hex:02100103>궁지에서 그를 구해내고자 요마 군대와 싸웠다."
245,"TEXT_VOICEMAN_06100_002100_VARSHAHN","하지만 아무리 쓰러뜨려도 요마는 끝도 없이 나타났다.<hex:02100103>어쩔 수 없이 소모전을 계속하던 중,<hex:02100103>아주다야는 전세를 역전하기 위해 한 가지 가능성에 기대를 걸었다."
246,"TEXT_VOICEMAN_06100_002110_VARSHAHN","보이드의 문으로 들어가<hex:02100103>요마 군대의 근원을 끊고자 한 것이다."
247,"TEXT_VOICEMAN_06100_002120_VARSHAHN","물론 나 또한 누이를 쫓아<hex:02100103>알라그 본거지에 우뚝 솟은 수정 탑으로 향했지만……<hex:02100103>눈앞에서 문이 닫혀 버리고 말았다."
248,"TEXT_VOICEMAN_06100_002130_VARSHAHN","……그 이후로 누이……<hex:02100103>아주다야는 행방이 묘연한 상태다."
249,"TEXT_VOICEMAN_06100_002140_GRAHATIA","조금 전에 역사를 잘 안다고 했던 말은 취소할게…….<hex:02100103>크리스탈 타워의 기록에도 그런 이야기는 기록되어 있지 않았어."
250,"TEXT_VOICEMAN_06100_002150_VARSHAHN","알라그에게는 하잘것없는 사건이었겠지.<hex:02100103>자포자기한 용이 보이드의 문에 뛰어들어<hex:02100103>돌아오지 않은 것뿐이니까……."
251,"TEXT_VOICEMAN_06100_002160_VARSHAHN","아무튼 나는 그 뒤로 오랜 세월 동안<hex:02100103>아주다야의 흔적을 계속 찾아다녔다."
252,"TEXT_VOICEMAN_06100_002170_VARSHAHN","하지만 알라그가 멸망하며<hex:02100103>용이 통과할 만한 커다란 문을 여는 기술은 사라졌고,<hex:02100103>누이를 추적할 수단도 없어지고 말았다……."
253,"TEXT_VOICEMAN_06100_002180_YSHTOLA","하지만 여기 이렇게 보이드의 문이 있군요.<hex:02100103>그것도 라자한식 연금술 기법을 이용한 장치를 써서<hex:02100103>인위적으로 제어된 것이……."
254,"TEXT_VOICEMAN_06100_002190_VARSHAHN","라자한이 건국되기 전의 일이다.<hex:02100103>아주다야 수색을 위해 보이드로 건너갈 방법을 찾고 있던 나는<hex:02100103>풍요해의 해저에서 자연적으로 생겨난 듯한 틈을 발견했다."
255,"TEXT_VOICEMAN_06100_002200_VARSHAHN","그렇지만 그 틈은 너무나 작아서 거대한 용이 통과할 수 없었지.<hex:02100103>하지만 라자한 건국과 함께 연금술사들의 협력을<hex:02100103>얻을 수 있게 되면서 상황이 변하기 시작했다."
256,"TEXT_VOICEMAN_06100_002210_VARSHAHN","그들은 정말 일을 잘해 주었어.<hex:02100103>수십 년의 세월을 거쳐 이 '인형'을 통과시킬 수 있을 정도로<hex:02100103>틈을 확장시켰으니까……."
257,"TEXT_VOICEMAN_06100_002220_ESTINIEN","그러고 보니 전에 이렇게 말했었지.<hex:02100103>천룡들에게 포효로 말을 걸어봤지만, 아주다야는 대답이 없었다고.<hex:02100103>즉 그 말은……"
258,"TEXT_VOICEMAN_06100_002230_VARSHAHN","……인형의 몸을 사용해, 문을 통과해서 보이드로 갔었지만,<hex:02100103>누이를 찾을 수는 없었다."
259,"TEXT_VOICEMAN_06100_002240_VARSHAHN","보이드에 발을 디딘 내 눈에 보인 건<hex:02100103>문이 열린 것을 감지하고 몰려드는 요마들의 모습뿐……."
260,"TEXT_VOICEMAN_06100_002250_VARSHAHN","결국 곧바로 이쪽 세계로 돌아올 수밖에 없었다."
261,"TEXT_VOICEMAN_06100_002260_ESTINIEN","저대로 놔두면, 라자한 백성들이 피해를 입을 가능성이 높을 테지.<hex:02100103>아주다야와 인간을 저울에 올려놓고, 후자를 선택했다는 뜻인가."
262,"TEXT_VOICEMAN_06100_002270_URIANGER","아주다야는 당신의 포효에 대답하지 않은 게 아니라<hex:02100103>애초에 포효가 들리지 않는 곳에 지금도 있는 것이군요…….<hex:02100103>차원의 벽으로 가로막힌 제13세계에……."
263,"TEXT_VOICEMAN_06100_002280_GRAHATIA","어느 쪽이든, 곧바로 돌아온 건 잘한 거야.<hex:02100103>제13세계에 계속 있었다면 아무리 천룡이라고 해도<hex:02100103>요마로 변이했을 위험성이 있으니까."
264,"TEXT_VOICEMAN_06100_002290_GRAHATIA","너도 어둠의 세계에서 봤지?"
265,"TEXT_VOICEMAN_06100_Q10_000_001_NONE_VOICE","뭐라고 말씀하시겠습니까?"
266,"TEXT_VOICEMAN_06100_A10_000_001_NONE_VOICE","그때는 죽을 뻔했어"
267,"TEXT_VOICEMAN_06100_A10_000_002_NONE_VOICE","네로가 보라색 결정이 되었을 때……"
268,"TEXT_VOICEMAN_06100_A10_000_003_NONE_VOICE","…………"
269,"TEXT_VOICEMAN_06100_002300_GRAHATIA","그래, 그랬지.<hex:02100103>우네와 도가 그리고 네로가 없었다면<hex:02100103>우리는 돌아올 수 없었을지도 몰라."
270,"TEXT_VOICEMAN_06100_002310_GRAHATIA","그리고 그때 네로가 어떻게 됐는지를 떠올려 봐.<hex:02100103>상처를 입자 체내의 에테르가 흐트러져<hex:02100103>육체가 변이할 뻔 했었잖아?"
271,"TEXT_VOICEMAN_06100_002320_GRAHATIA","보라색이라니…….<hex:02100103>그때, 네로는 상처를 입고 체내 에테르가 흐트러져<hex:02100103>육체가 변이할 뻔 했었다고……"
272,"TEXT_VOICEMAN_06100_002330_GRAHATIA","그때 네로가 어떻게 됐는지를 떠올려 봐.<hex:02100103>상처를 입자 체내의 에테르가 흐트러져<hex:02100103>육체가 변이할 뻔 했었어."
273,"TEXT_VOICEMAN_06100_002340_GRAHATIA","즉, 그대로 시간이 경과했더라면<hex:02100103>살아 있는 채로 요마로 변이했을 가능성이 높아."
274,"TEXT_VOICEMAN_06100_002350_VARSHAHN","그렇다면 누이는 이미……."
275,"TEXT_VOICEMAN_06100_002360_GRAHATIA","아, 아니, 미안.<hex:02100103>어디까지나 가능성을 이야기했을 뿐이야."
276,"TEXT_VOICEMAN_06100_002370_GRAHATIA","칠대천룡의 비늘은 에테르의 변화에 대단히 강해.<hex:02100103>영혼수호 비늘의 재료로써 쓰였을 정도니까<hex:02100103>그리 쉽게 요마로 변하지는……"
277,"TEXT_VOICEMAN_06100_002380_GRAHATIA","아, 그래……<hex:02100103>영혼수호 비늘이 있다면 제13세계에 오랫동안 체류해도<hex:02100103>요마가 되지 않고 움직일 수 있을지도 모르겠는걸……."
278,"TEXT_VOICEMAN_06100_002390_VARSHAHN","어쨌든 끝난 일이다.<hex:02100103>누이가 저 어둠으로 사라진 건<hex:02100103>5000년도 더 지난 일……"
279,"TEXT_VOICEMAN_06100_002400_VARSHAHN","……무엇보다 지금 나에겐 지켜야만 하는 백성이 있다."
280,"TEXT_VOICEMAN_06100_002410_VARSHAHN","아무튼 난 유적의 칩입을 감지하고<hex:02100103>함부로 문을 열지 못하도록 이곳에 왔다.<hex:02100103>보물도 회수할 겸해서."
281,"TEXT_VOICEMAN_06100_002420_VARSHAHN","차라리 아예 잊어버릴 수 있다면……"
282,"TEXT_VOICEMAN_06100_002430_VRITRA","다들 이렇게 모여줘서 고맙구나."
283,"TEXT_VOICEMAN_06100_002440_VRITRA","조금 전 별빛전사단이 운반한 금은보화는<hex:02100103>알자달의 이름을 빌려, 내가 유사시를 대비해 비축해둔 것이니라."
284,"TEXT_VOICEMAN_06100_002450_VRITRA","그것은 다름 아니라, 종말로 인해 상처 입은 도시가<hex:02100103>예전의 찬란함을 되찾는 일에 쓰여야 할 것이니라……!"
285,"TEXT_VOICEMAN_06100_002460_VRITRA","예전의 나는 이런 상황에는 태수들에게 그 일을 맡겼다.<hex:02100103>하지만 아히완이 없는 지금, 그의 수완에 기댈 수는 없는 법."
286,"TEXT_VOICEMAN_06100_002470_VRITRA","따라서 지금은 내가 태수로서 지침을 내리겠노라."
287,"TEXT_VOICEMAN_06100_002480_VRITRA","일단 보물고에서 운반한 보물을 금전으로 환전하고,<hex:02100103>그것을 재원으로 삼아 예드리만의 교역상에 출자하라!<hex:02100103>인력과 선박을 잃은 상인을 돕고 교역을 활성화시킬 것이니라……!"
288,"TEXT_VOICEMAN_06100_002490_VRITRA","물론 말도 못할 참극을 경험했으니<hex:02100103>누구에게나 지원이 필요하다는 사실은 잘 알고 있다."
289,"TEXT_VOICEMAN_06100_002500_VRITRA","하지만 교역상을 지원하는 일은<hex:02100103>칼잘 상회라는 큰 도매업자를 잃은<hex:02100103>어부와 장인, 석공들에게 큰 도움이 되리라 믿는다."
290,"TEXT_VOICEMAN_06100_002510_ESTINIEN","종말로 부모를 잃은 아이들에 대한 대책은<hex:02100103>어떻게 할 셈이지?"
291,"TEXT_VOICEMAN_06100_002520_VRITRA","그 점은 나도 우려하는 바이다.<hex:02100103>하지만 단순히 돈을 풀기만 해서는 언젠가 자금은 고갈되고<hex:02100103>고아들은 또다시 거리를 헤매게 되겠지……."
292,"TEXT_VOICEMAN_06100_002530_VRITRA","아이들을 장기적으로 보호하기 위한<hex:02100103>새로운 정책을 생각해야 할 것이다."
293,"TEXT_VOICEMAN_06100_002540_VRITRA","그래서 여러 나라를 모험하며 많은 것을 보고 느꼈을<hex:02100103>그대에게 의견을 묻고 싶다만……."
294,"TEXT_VOICEMAN_06100_Q11_000_001_NONE_VOICE","뭐라고 말씀하시겠습니까?"
295,"TEXT_VOICEMAN_06100_A11_000_001_NONE_VOICE","무역상을 지원하는 대신에 매상의 일부를 징수하자"
296,"TEXT_VOICEMAN_06100_A11_000_002_NONE_VOICE","상부상조의 정신으로……!"
297,"TEXT_VOICEMAN_06100_A11_000_003_NONE_VOICE","이딜샤이어의 고아원을 참고하자"
298,"TEXT_VOICEMAN_06100_A11_000_004_NONE_VOICE","창천 거리의 고아원을 참고하자"
299,"TEXT_VOICEMAN_06100_002550_VRITRA","오호라…… 아주 좋은 제안이다."
300,"TEXT_VOICEMAN_06100_002560_VRITRA","도움을 받은 자가 다른 누군가를 돕는…… 그렇구나!"
301,"TEXT_VOICEMAN_06100_002570_VRITRA","'로웨나 상회'로부터 자금을 출자받아 고아원을…… 그래!"
302,"TEXT_VOICEMAN_06100_002580_VRITRA","부흥 사업의 일환으로 고아원을……그래!"
303,"TEXT_VOICEMAN_06100_002590_VRITRA","훌륭한 생각이다.<hex:02100103>출자 조건으로 상인들의 매상 일부를<hex:02100103>고아원 운영에 쓸 수 있도록 계약을 체결하도록 하겠다."
304,"TEXT_VOICEMAN_06100_002600_VRITRA","（★未使用／削除予定★）"
305,"TEXT_VOICEMAN_06100_002610_VRITRA","자, 그렇다면 이 제도에 이름을 붙이면 좋을 것 같은데……"
306,"TEXT_VOICEMAN_06100_Q12_000_001_NONE_VOICE","뭐라고 말씀하시겠습니까?"
307,"TEXT_VOICEMAN_06100_A12_000_001_NONE_VOICE","칼잘의 이름을 빌리자"
308,"TEXT_VOICEMAN_06100_A12_000_002_NONE_VOICE","위대한 교역상의 이름을 빌리자"
309,"TEXT_VOICEMAN_06100_002620_VRITRA","칼잘…….<hex:02100103>그래, 그러면 되겠구나……."
310,"TEXT_VOICEMAN_06100_002630_VRITRA","위대한 교역상……?<hex:02100103>그래, 칼잘 말이구나……!"
311,"TEXT_VOICEMAN_06100_002640_VRITRA","사베네어 섬을 공포로 몰아넣은 위신수가 아니라<hex:02100103>라자한의 위대한 교역상으로서, 그의 이름을 남기자는 것이로군……."
312,"TEXT_VOICEMAN_06100_002650_VRITRA","당연히 이견은 없다…….<hex:02100103>하지만 이 중에도 야수로 인해 가족을 잃은 자가 많다.<hex:02100103>모두의 의견을 들려주겠나."
313,"TEXT_VOICEMAN_06100_002660_NAHBDEEN","그때는 많든 적든 모든 사람이 불안해했습니다.<hex:02100103>누구나 야수가 될 가능성이 있었기 때문입니다."
314,"TEXT_VOICEMAN_06100_002670_NAHBDEEN","칼잘 씨를 구하지 못했다는 후회는 있을지언정<hex:02100103>그를 원망하는 마음은 없습니다!"
315,"TEXT_VOICEMAN_06100_002680_NAHBDEEN","다들 같은 마음이지 않나!?"
316,"TEXT_VOICEMAN_06100_002690_ESTINIEN","그때 그 아이, 메라드라고 했던가.<hex:02100103>이제 그런 사기꾼 같은 장사에서 손을 뗄 수도 있겠군."
317,"TEXT_VOICEMAN_06100_002700_VRITRA","그럼 여기서 '칼잘 기금' 설립을 선언하노라!<hex:02100103>좋은 일은 서두르라 했다, 당장 시작하도록 하자!"
318,"TEXT_VOICEMAN_06100_002710_VRITRA","나브딘은 군대를 편성하여<hex:02100103>순찰을 돌며 고아들을 보호하도록 하라!"
319,"TEXT_VOICEMAN_06100_002720_VRITRA","그대들은 지금 바로 기금 운용을 개시하라!<hex:02100103>한시라도 빨리 궁핍한 백성을 도와야 한다!"
320,"TEXT_VOICEMAN_06100_002730_ESTINIEN","용과 인간이 손을 맞잡고 일어서려는 모습을 보니<hex:02100103>이슈가르드 때의 일이 떠오르는군."
321,"TEXT_VOICEMAN_06100_002740_YSHTOLA","와줬군요."
322,"TEXT_VOICEMAN_06100_002750_ESTINIEN","그래서 뭔가 알게 된 것이 있나?"
323,"TEXT_VOICEMAN_06100_002760_YSHTOLA","저 제어장치를 조사한 결과,<hex:02100103>보이드의 문을 '봉인'하는 기능은 찾았지만,<hex:02100103>'확장'하는 기능은 확인할 수 없었어요."
324,"TEXT_VOICEMAN_06100_002770_YSHTOLA","브리트라의 말대로 문을 넓히기 위해서는<hex:02100103>과거에 연금술사들이 이용한 방법에 대해 조사할 필요가 있어요.<hex:02100103>이미 사라진 기술이라 하지만요."
325,"TEXT_VOICEMAN_06100_002780_ESTINIEN","그런 뻔한 이야기를 설명하려고<hex:02100103>우릴 부른 건 아니겠지.<hex:02100103>세계를 건널 방법의 단서는 찾았나?"
326,"TEXT_VOICEMAN_06100_002790_YSHTOLA","그걸 지금부터 설명하려고 해요."
327,"TEXT_VOICEMAN_06100_002800_YSHTOLA","……세계를 넘나들려면<hex:02100103>먼저 차원의 틈을 통과해야 하는 것이 전제 조건이에요."
328,"TEXT_VOICEMAN_06100_002810_YSHTOLA","당신이 제1세계로<hex:02100103>소환되었을 때의 일을 떠올려봐요."
329,"TEXT_VOICEMAN_06100_002820_YSHTOLA","제1세계 쪽에 있던 소환자, 즉 수정공이<hex:02100103>크리스탈 타워의 기능을 이용한 소환술을 사용했죠.<hex:02100103>그때 당신은 표식이 될 만한 장치를 만졌을 거예요."
330,"TEXT_VOICEMAN_06100_002830_YSHTOLA","그로 인해 세계를 갈라놓은 벽에 구멍이 뚫렸고,<hex:02100103>당신은 차원의 틈으로 빠졌죠……."
331,"TEXT_VOICEMAN_06100_002840_YSHTOLA","그곳은 어느 세계에도 속해 있지 않은,<hex:02100103>그야말로 '틈'이라 불리기에 적합한 공간……."
332,"TEXT_VOICEMAN_06100_002850_YSHTOLA","그 후, 소환술에 이끌리는 형태로<hex:02100103>당신은 틈에서 빠져나와 제1세계 쪽으로 나갈 수 있었어요."
333,"TEXT_VOICEMAN_06100_002860_YSHTOLA","온갖 시간과 공간이 뒤엉킨 차원의 틈에 있던 당신을<hex:02100103>원초세계에서 제1세계까지 정확히 유도해낸 건…….<hex:02100103>그야말로 기적에 가까운 일이에요."
334,"TEXT_VOICEMAN_06100_002870_ESTINIEN","그럼 원초세계로 오는 요마들은<hex:02100103>누가 어떻게 유도하고 있다는 소리지……?"
335,"TEXT_VOICEMAN_06100_002880_YSHTOLA","어머, 좋은 지적이에요."
336,"TEXT_VOICEMAN_06100_002890_YSHTOLA","요마가 이쪽으로 오는 방법은 몇 가지가 있는데……<hex:02100103>'요마 소환'이 가장 대표적이라고 할 수 있죠."
337,"TEXT_VOICEMAN_06100_002900_YSHTOLA","그래요, 가고일이라 불리는 중급 요마를 예로 들어<hex:02100103>설명을 해볼게요."
338,"TEXT_VOICEMAN_06100_002910_YSHTOLA","먼저 요마를 부르고 싶어하는 소환자가<hex:02100103>소환술을 써서 작은 보이드의 문을 순간적으로 열어요."
339,"TEXT_VOICEMAN_06100_002920_YSHTOLA","그러면 임프 같이 힘 없는 낮은 등급의 요마는<hex:02100103>육체를 유지한 채로 문을 통과해 원초세계로 건너올 수 있어요."
340,"TEXT_VOICEMAN_06100_002930_YSHTOLA","하지만 그보다 강한 중급 이상의 요마일 경우, 그렇게는 안 돼요.<hex:02100103>소환자 한 명으로는 감당할 수 없는 막대한 힘을 쏟아부어<hex:02100103>큰 문을 열어야 하니까요."
341,"TEXT_VOICEMAN_06100_002940_YSHTOLA","그래서 '요마 소환'으로 혼만 이쪽으로 불러들여요.<hex:02100103>누가 우리의 혼만 제1세계로 불렀을 때처럼요."
342,"TEXT_VOICEMAN_06100_002950_YSHTOLA","당연히 소환된 요마의 육체는 제13세계에 남아 있게 되죠."
343,"TEXT_VOICEMAN_06100_002960_YSHTOLA","그리고 불러온 요마의 혼에<hex:02100103>원초세계에서 활동하기 위한 임시 육체를 부여하는 거죠…….<hex:02100103>그것이 빙의 대상이 되는데, 가고일의 경우엔 돌이 적합했던 거예요."
344,"TEXT_VOICEMAN_06100_002970_ESTINIEN","그렇군.<hex:02100103>즉 '요마 소환'의 경우에는<hex:02100103>원초세계 측에서 정확히 유도할 수 있는 소환자가 필요하단 얘기군."
345,"TEXT_VOICEMAN_06100_002980_YSHTOLA","맞아요.<hex:02100103>안전하면서도 확실하게 육체를 유지한 상태로 차원 도약을 하려면<hex:02100103>모종의 유도 역할이 필요하다는 것, 이해가 됐나요?"
346,"TEXT_VOICEMAN_06100_002990_VARSHAHN","우리가 싸운 요마 군대도<hex:02100103>알라그 제국이 열어 놓은 문을 통해 나타났다.<hex:02100103>알라그의 마과학자들이 유도 역할을 했다는 뜻이로군."
347,"TEXT_VOICEMAN_06100_003000_VARSHAHN","하지만 보이드의 틈처럼 자연 발생한 균열에는<hex:02100103>그런 명확한 유도 역할이 존재할 리 없다.<hex:02100103>그런데도 두 세계는 연결되어 있다."
348,"TEXT_VOICEMAN_06100_003010_VARSHAHN","애초에 왜 제13세계하고만 작은 균열로도<hex:02100103>통과할 수 있을 만큼 쉽게 세계가 연결된 것이지?"
349,"TEXT_VOICEMAN_06100_003020_YSHTOLA","그 수수께끼를 규명해낸다면<hex:02100103>세계를 자유롭게 넘나들기 위한 실마리를 찾을 수 있을 거예요."
350,"TEXT_VOICEMAN_06100_003030_ESTINIEN","호오.<hex:02100103>그래서 그 '수수께끼'를 어떻게 조사하려는 거지?"
351,"TEXT_VOICEMAN_06100_003040_VARSHAHN","…………설마!"
352,"TEXT_VOICEMAN_06100_003050_YSHTOLA","네, 그 설마가 맞아요.<hex:02100103>그야말로 새로운 모험이라고 해야 할까요."
353,"TEXT_VOICEMAN_06100_003060_VARSHAHN","내 이야기는 들었나? 사람이 통과할 수 있을 만큼<hex:02100103>문을 확장할 방법은 이미 사라졌다고 했을 텐데."
354,"TEXT_VOICEMAN_06100_003070_VARSHAHN","게다가 그게 가능해진다 한들<hex:02100103>제13세계에 한 발 내딛는 순간,<hex:02100103>요마 무리의 공격을 받게 될 것이다."
355,"TEXT_VOICEMAN_06100_003080_YSHTOLA","물론 들었어요.<hex:02100103>당연히 저 혼자선 어렵겠죠."
356,"TEXT_VOICEMAN_06100_003090_YSHTOLA","하지만…… 제13세계로 건너가<hex:02100103>어둠의 구름을 격퇴한 경험이 있는 당신과 함께라면……<hex:02100103>불가능하진 않을 거예요."
357,"TEXT_VOICEMAN_06100_Q13_000_001_NONE_VOICE","뭐라고 말씀하시겠습니까?"
358,"TEXT_VOICEMAN_06100_A13_000_001_NONE_VOICE","같이 가자"
359,"TEXT_VOICEMAN_06100_A13_000_002_NONE_VOICE","바빠지겠네"
360,"TEXT_VOICEMAN_06100_003100_YSHTOLA","고마워요.<hex:02100103>당신이라면 그렇게 말할 거라 생각했어요."
361,"TEXT_VOICEMAN_06100_003110_YSHTOLA","이번에도 당신을 믿을게요."
362,"TEXT_VOICEMAN_06100_003120_YSHTOLA","어머…… 지루한 걸 좋아하는 사람은 아니잖아요?"
363,"TEXT_VOICEMAN_06100_003130_YSHTOLA","이번에도 당신을 믿을게요."
364,"TEXT_VOICEMAN_06100_003140_YSHTOLA","지금 당장이라도 제13세계로 건너가고 싶지만,<hex:02100103>풍요해의 문은 라자한이 오랜 세월 동안 보수, 관리를 하고 있어요.<hex:02100103>태수님의 허가가 없다면 열 수 없을 것 같은데요……."
365,"TEXT_VOICEMAN_06100_003150_VARSHAHN","조금 전에도 말했듯이<hex:02100103>은인인 그대들의 요청은 최대한 들어주고 싶다.<hex:02100103>……라자한의 아이들에게 피해가 가지 않는다면 말이다."
366,"TEXT_VOICEMAN_06100_003160_YSHTOLA","물론 요마가 이쪽으로 침입해오지 않도록<hex:02100103>세심한 주의를 기울일 거예요.<hex:02100103>그 전에 일단 문을 '확장'해야 하지만요."
367,"TEXT_VOICEMAN_06100_003170_ESTINIEN","방법은 있나?"
368,"TEXT_VOICEMAN_06100_003180_YSHTOLA","그걸 당신에게 묻고 싶어요.<hex:02100103>당시의 연금술사들이 어떤 방법을 썼는지,<hex:02100103>설명 정도는 듣지 않았나요?"
369,"TEXT_VOICEMAN_06100_003190_VARSHAHN","그래. 틈의 확장에 관한 연구는<hex:02100103>데미르 가의 연금술사에게 맡겼는데……"
370,"TEXT_VOICEMAN_06100_003200_YSHTOLA","데미르 가……<hex:02100103>데미르의 유열향에 이름을 남긴 연금술사의 명가 말이군요."
371,"TEXT_VOICEMAN_06100_003210_VARSHAHN","자세한 기술론은 이해할 수 없었지만,<hex:02100103>그들은 처음에 틈에서 나타난 요마 한 마리를 분석했다."
372,"TEXT_VOICEMAN_06100_003220_VARSHAHN","그리고 그 요마와 비슷한 능력을 가진,<hex:02100103>인공 요마라고 할 수 있는 마법인형을 만들어……<hex:02100103>틈의 확장에 이용했다고 들었다."
373,"TEXT_VOICEMAN_06100_003230_YSHTOLA","인공 요마……라고요?"
374,"TEXT_VOICEMAN_06100_003240_VARSHAHN","데미르 가는 지식의 도시 샬레이안의 현인을 동경하고 있었다.<hex:02100103>인공 요마에 대해서 정리한 자료를 학회에 제출했지만,<hex:02100103>공적으로 인정받기는커녕 금서로 지정되어 무척이나 우울해했었지."
375,"TEXT_VOICEMAN_06100_003250_YSHTOLA","그렇다면 어딘가의 금서고에 보관되어 있을 가능성이 있겠군요.<hex:02100103>그 당시에 구브라 환상도서관은 없었을 거예요.<hex:02100103>그렇다면……."
376,"TEXT_VOICEMAN_06100_Q14_000_001_NONE_VOICE","뭐라고 말씀하시겠습니까?"
377,"TEXT_VOICEMAN_06100_A14_000_001_NONE_VOICE","누메논 대서원의 금서고?"
378,"TEXT_VOICEMAN_06100_A14_000_002_NONE_VOICE","그라하가 몰래 들어갔던……"
379,"TEXT_VOICEMAN_06100_A14_000_003_NONE_VOICE","그렇다면……?"
380,"TEXT_VOICEMAN_06100_003260_YSHTOLA","그럴 가능성이 높아요."
381,"TEXT_VOICEMAN_06100_003270_YSHTOLA","네. 누메논 대서원의 금서고에<hex:02100103>보관되어 있을 가능성이 높아요."
382,"TEXT_VOICEMAN_06100_003280_YSHTOLA","그라하 티아가 저지른 실수를<hex:02100103>벌써 잊어 버렸나요?"
383,"TEXT_VOICEMAN_06100_003290_YSHTOLA","아마도 그가 몰래 들어갔다가 붙잡혔던<hex:02100103>누메논 대서원의 금서고에 저장되어 있을 가능성이 높아요."
384,"TEXT_VOICEMAN_06100_003300_YSHTOLA","지금 당장 올드 샬레이안으로 가죠."
385,"TEXT_VOICEMAN_06100_003310_ESTINIEN","그건 너희에게 맡길게.<hex:02100103>내가 가봤자 할 수 있는 일이 있는 것도 아니고.<hex:02100103>메라드 녀석이나 찾아서 기금에 대해서 가르쳐 줘야겠어."
386,"TEXT_VOICEMAN_06100_003320_YSHTOLA","우리도 가죠."
387,"TEXT_VOICEMAN_06100_003330_VARSHAHN","정말로 보이드로 건너갈 생각인가…….<hex:02100103>그렇다면 나는…… 어떻게 해야……."
388,"TEXT_VOICEMAN_06100_003340_YSHTOLA","이 중에 데미르 가에서 편찬한 금서가 있을 거예요.<hex:02100103>함께 찾아보죠."
389,"TEXT_VOICEMAN_06100_003350_YSHTOLA","이 서명에서 느껴지는 에테르…… 틀림없어요.<hex:02100103>데미르 가의 책이에요.<hex:02100103>유열향에서 몇 번인가 느낀 적이 있거든요."
390,"TEXT_VOICEMAN_06100_003360_YSHTOLA","어서 내용을 확인해보죠."
391,"TEXT_VOICEMAN_06100_003370_YSHTOLA"," '요마 중에는 이계 보이드에서 동료를 소환하는 자가 있다.<hex:02100103> 그중에서도 ""아토모스""라 불리는 종은<hex:02100103> 압도적으로 소환 능력이 뛰어나다'"
392,"TEXT_VOICEMAN_06100_003380_YSHTOLA"," '아토모스의 거대한 입에서<hex:02100103> 요마가 계속해서 전송되어 오기 때문에<hex:02100103> 진압에 나선 별빛전사단은 몹시 애를 먹었다'"
393,"TEXT_VOICEMAN_06100_003390_YSHTOLA"," '우리는 아토모스가 <hex:02100103> 보이드의 문과 유사한 역할을 한다고 판단,<hex:02100103> 소형 아토모스를 잡아 그 능력을 분석했다'"
394,"TEXT_VOICEMAN_06100_003400_YSHTOLA"," '그 결과, 아토모스는 세계의 경계에서 생겨난 균열,<hex:02100103> 이른바 보이드의 틈을 몸속에 집어넣어<hex:02100103> 문으로 확대시킨다는 사실을 규명해냈다'"
395,"TEXT_VOICEMAN_06100_003410_YSHTOLA"," '이때 아토모스가 발산하는 특수한 에테르 파장을 해석,<hex:02100103> 그것을 이용해 크리스탈에 축적된 에테르를<hex:02100103> 이와 유사한 파장으로 변환시키는 프리즘을 생성했다'"
396,"TEXT_VOICEMAN_06100_003420_YSHTOLA"," '그리고 이 특수 프리즘을 탑재한,<hex:02100103> 인조 아토모스라 할 수 있는 마법인형을 완성했다'"
397,"TEXT_VOICEMAN_06100_003430_YSHTOLA","등잔 밑이 어두웠네요.<hex:02100103>요마를 불러들이는 아토모스 종은 옛날부터 알려져 있던 존재예요."
398,"TEXT_VOICEMAN_06100_003440_YSHTOLA","제7재해 직전에도<hex:02100103>에오르제아 각 지역에서 아토모스의 출현이 목격되었어요.<hex:02100103>당신도 한 번 정도는 본 적이 있지 않나요?"
399,"TEXT_VOICEMAN_06100_003450_YSHTOLA","제7재해 직전에도<hex:02100103>에오르제아 각 지역에서 아토모스의 출현이 목격되었어요.<hex:02100103>당신도 소문 정도는 들어본 적이 있지 않나요?"
400,"TEXT_VOICEMAN_06100_003460_YSHTOLA","그래도 인공적으로 요마를 만들다니,<hex:02100103>샬레이안의 현인들이 금서로 지정할 만하네요."
401,"TEXT_VOICEMAN_06100_003470_YSHTOLA","아무튼 찾고 있던 책을 손에 넣었군요."
402,"TEXT_VOICEMAN_06100_003480_YSHTOLA","이런 기회는 흔치 않으니, 여기 있는 모든 책을<hex:02100103>모조리 다 훑어보고 싶지만……"
403,"TEXT_VOICEMAN_06100_003490_YSHTOLA","우리를 믿고 도서 열람을 허가해준<hex:02100103>철학자 의회를 배신할 수는 없죠.<hex:02100103>오늘은 이쯤 하도록 해요."
404,"TEXT_VOICEMAN_06100_003500_NIDHANA","이 유적 자체도 대단하지만,<hex:02100103>이런 장치가 예전부터 풍요해 바닥에 있었다니……"
405,"TEXT_VOICEMAN_06100_003510_NIDHANA","더 빨리 알려주시지 그러셨어요, 브리트라 님!"
406,"TEXT_VOICEMAN_06100_003520_VARSHAHN","아, 그래…… 미안.<hex:02100103>문의 존재는 태수와 가까운 사람만이 아는 극비 사항이었다.<hex:02100103>누가 악용할지 모르니까 말이다."
407,"TEXT_VOICEMAN_06100_003530_ESTINIEN","그걸로 뭘 하려는 거지?"
408,"TEXT_VOICEMAN_06100_003540_YSHTOLA","확인하고 싶은 것이 있어요."
409,"TEXT_VOICEMAN_06100_003550_YSHTOLA","크리스탈 타워 조사단 '노아'의 보고에 따르면<hex:02100103>제13세계에서도 단시간이라면<hex:02100103>요마로 변이하지 않고 활동할 수 있다고 해요."
410,"TEXT_VOICEMAN_06100_003560_YSHTOLA","하지만 상처를 입고 체내 에테르가 불안정해지거나<hex:02100103>장시간 머무를 경우에는 요마로 변이할 위험성이 높아요……."
411,"TEXT_VOICEMAN_06100_003570_YSHTOLA","그라하 티아는 영혼수호 비늘이 있으면<hex:02100103>요마로 변하지 않을 수 있다고 했지만……<hex:02100103>실제로 제13세계로 건너가기 전에 확인을 해야죠."
412,"TEXT_VOICEMAN_06100_003580_ESTINIEN","확인이라…….<hex:02100103>뭐, 쉽게 말하자면 실험 말이지?"
413,"TEXT_VOICEMAN_06100_003590_YSHTOLA","그래요……<hex:02100103>어떻게 하면 영혼수호 비늘의 효과를 검증할 수 있을지,<hex:02100103>당신이라면 알지 않나요?"
414,"TEXT_VOICEMAN_06100_Q15_000_001_NONE_VOICE","뭐라고 말씀하시겠습니까?"
415,"TEXT_VOICEMAN_06100_A15_000_001_NONE_VOICE","내가 갈게"
416,"TEXT_VOICEMAN_06100_A15_000_002_NONE_VOICE","아무 말 없이 에스티니앙을 본다"
417,"TEXT_VOICEMAN_06100_A15_000_003_NONE_VOICE","사역마를 보내서 반응을 보자"
418,"TEXT_VOICEMAN_06100_003600_ESTINIEN","아니, 이야기를 듣긴 한 거야?<hex:02100103>애초에 저 문은 너무 작아서 인간은 통과할 수 없다고."
419,"TEXT_VOICEMAN_06100_003610_YSHTOLA","맞아요.<hex:02100103>그래서 인간이 아닌 것을 통과시킬 거예요.<hex:02100103>이번에는 사역마로 실험을 해보도록 하죠."
420,"TEXT_VOICEMAN_06100_003620_ESTINIEN","아니, 왜 날 봐?<hex:02100103>설마 나더러 문을 통과하라는 건 아니겠지?"
421,"TEXT_VOICEMAN_06100_003630_YSHTOLA","딱히 문을 통과하는 건 사람이 아니어도 괜찮아요.<hex:02100103>이번에는 사역마로 실험을 해보도록 하죠."
422,"TEXT_VOICEMAN_06100_003640_YSHTOLA","네, 정답이에요.<hex:02100103>역시 예리하군요."
423,"TEXT_VOICEMAN_06100_003650_YSHTOLA","과거 브리트라가 인형을 보냈듯이<hex:02100103>우리는 사역마로 실험하도록 해요."
424,"TEXT_VOICEMAN_06100_003660_YSHTOLA","설령 작은 틈이라 해도<hex:02100103>임프처럼 낮은 등급의 요마는 통과할 수 있죠."
425,"TEXT_VOICEMAN_06100_003670_YSHTOLA","바꿔 말하면 그 정도 사역마라면<hex:02100103>이쪽에서도 보낼 수 있다는 뜻……."
426,"TEXT_VOICEMAN_06100_003680_YSHTOLA","……아무리 그래도, 사실<hex:02100103>이 사역마만큼은 쓰고 싶지 않았지만…….<hex:02100103>수단을 가릴 때가 아니니까요……."
427,"TEXT_VOICEMAN_06100_003690_ESTINIEN","마녀라 불리는 야슈톨라가 저렇게까지 말할 정도면……<hex:02100103>대체 어떤 사역마인 거지……?"
428,"TEXT_VOICEMAN_06100_003700_YSHTOLA","바다에서 상승해 구름이 되고<hex:02100103>산에서 떨어져 비가 되며, 강에서 흘러 생명이 되리니……."
429,"TEXT_VOICEMAN_06100_003710_YSHTOLA","또르르르, 솨아~!"
430,"TEXT_VOICEMAN_06100_003720_ESTINIEN","……저 녀석, 뭐 잘못 먹은 거 아냐?"
431,"TEXT_VOICEMAN_06100_003730_NIDHANA","뭘, 귀엽기만 한데!"
432,"TEXT_VOICEMAN_06100_003740_NOKKEN","또르르르, 솨아~!<hex:02100103>놀자, 놀자~!"
433,"TEXT_VOICEMAN_06100_003750_YSHTOLA","문을 확실하게 통과시키기 위해서는<hex:02100103>에테르의 양이 가장 적은 사역마를 불러야 했어요…….<hex:02100103>그것까진 괜찮은데……."
434,"TEXT_VOICEMAN_06100_003760_YSHTOLA","왜 술식 마지막에 그런 주문을 붙여야만 했는지,<hex:02100103>어린 시절의 나를 만나면 따지고 싶군요……."
435,"TEXT_VOICEMAN_06100_003770_YSHTOLA","……아무튼 이 아이들을 보이드의 문 건너편,<hex:02100103>제13세계로 보낼 거예요."
436,"TEXT_VOICEMAN_06100_003780_YSHTOLA","한쪽 뇌켄에게는 영혼수호 비늘을 넣을 거고요……"
437,"TEXT_VOICEMAN_06100_003790_YSHTOLA","제13세계에서 다시 이 두 아이를 부른 후, 상태를 관찰하면<hex:02100103>영혼수호 비늘의 효과를 검증할 수 있겠죠."
438,"TEXT_VOICEMAN_06100_003800_YSHTOLA","브리트라는 보이드의 문의 제어를 부탁해요."
439,"TEXT_VOICEMAN_06100_003810_VARSHAHN","아, 알았다……."
440,"TEXT_VOICEMAN_06100_003820_YSHTOLA","문을 열어놓고 있는 동안에는<hex:02100103>건너편에서 요마들이 침입해올 가능성이 있어요.<hex:02100103>에스티니앙은 니다나를 호위해줘요."
441,"TEXT_VOICEMAN_06100_003830_ESTINIEN","아, 그래……."
442,"TEXT_VOICEMAN_06100_003840_YSHTOLA","무슨 일이 생길지 모르니 당신도 준비하고 있어요."
443,"TEXT_VOICEMAN_06100_Q16_000_001_NONE_VOICE","뭐라고 말씀하시겠습니까?"
444,"TEXT_VOICEMAN_06100_A16_000_001_NONE_VOICE","걱정 마"
445,"TEXT_VOICEMAN_06100_A16_000_002_NONE_VOICE","또르르르 솨아~"
446,"TEXT_VOICEMAN_06100_A16_000_003_NONE_VOICE","…………"
447,"TEXT_VOICEMAN_06100_003850_YSHTOLA","언제나 그랬듯이 이번에도 믿을게요."
448,"TEXT_VOICEMAN_06100_003860_YSHTOLA","……어머.<hex:02100103>뇌켄 대신에<hex:02100103>당신을 저 문에 억지로 밀어 넣어 드릴까요?"
449,"TEXT_VOICEMAN_06100_003870_YSHTOLA","……부탁이니 조금 전에 본 건 잊어줘요."
450,"TEXT_VOICEMAN_06100_003880_YSHTOLA","자, 시작할게요."
451,"TEXT_VOICEMAN_06100_003890_YSHTOLA","뇌켄, 가라!"
452,"TEXT_VOICEMAN_06100_003900_NOKKEN","또르르르, 솨아~!<hex:02100103>다녀올게요~!"
453,"TEXT_VOICEMAN_06100_003910_YSHTOLA","슬슬 불러와도 되겠어요."
454,"TEXT_VOICEMAN_06100_003920_YSHTOLA","뇌켄, 돌아와줘."
455,"TEXT_VOICEMAN_06100_003930_DARKNOKKEN","또……르륵……<hex:02100103>솨아~아……."
456,"TEXT_VOICEMAN_06100_003940_YSHTOLA","수고했어.<hex:02100103>잘 견뎠구나."
457,"TEXT_VOICEMAN_06100_003950_NIDHANA","불쌍해……<hex:02100103>요마가 되려 하고 있어."
458,"TEXT_VOICEMAN_06100_003960_VOIDSENTA","맛있어 보이는 에테르으으으!"
459,"TEXT_VOICEMAN_06100_003970_VOIDSENTB","죽고 싶다…… 죽을 수 없다……<hex:02100103>죽여줘…… 누군가……"
460,"TEXT_VOICEMAN_06100_003980_VOIDSENTC","빛이다…… 빛이 보여……!"
461,"TEXT_VOICEMAN_06100_003990_VOIDSENTD","(-불길한 목소리-)열렸다…… 문이 열렸어……!"
462,"TEXT_VOICEMAN_06100_004000_VARSHAHN","요마가 온다……!<hex:02100103>바로 보이드의 문을 봉인하겠다!"
463,"TEXT_VOICEMAN_06100_004010_NIDHANA","우와~! 왔어!"
464,"TEXT_VOICEMAN_06100_004020_VARSHAHN","알자달 3세의 이름을 걸고 명하노라……<hex:02100103>이계의 문이여, 그 입을 닫으라!"
465,"TEXT_VOICEMAN_06100_004030_NIDHANA","방금 그걸 보니 보이드의 문이 얼마나 위험한지<hex:02100103>잘 알겠어……."
466,"TEXT_VOICEMAN_06100_004040_ESTINIEN","그래서…… 물어볼 필요도 없어 보이지만,<hex:02100103>실험 결과는 어떻게 된 거지?"
467,"TEXT_VOICEMAN_06100_004050_YSHTOLA","영혼수호 비늘을 넣지 않았던 개체는<hex:02100103>에테르가 흐트러져서 혼탁해지고 말았어요.<hex:02100103>니다나 말대로 요마로 변하려 하고 있어요."
468,"TEXT_VOICEMAN_06100_004060_YSHTOLA","한편 영혼수호 비늘을 넣어서 만든 개체는<hex:02100103>에테르가 처음처럼 깨끗하고 안정되어 있어요."
469,"TEXT_VOICEMAN_06100_004070_YSHTOLA","고마워.<hex:02100103>푹 쉬렴."
470,"TEXT_VOICEMAN_06100_004080_ESTINIEN","그라하의 예상이 맞았다는 건가."
471,"TEXT_VOICEMAN_06100_004090_YSHTOLA","네.<hex:02100103>하지만 요마가 되지 않은 개체도 무사한 듯이 보였지만,<hex:02100103>영혼수호 비늘의 상태가 안 좋아요."
472,"TEXT_VOICEMAN_06100_004100_YSHTOLA","본래 영혼수호 비늘은 정신 오염을 유발하는 에테르 방사로부터<hex:02100103>영혼을 지키기 위해 만든 것이에요.<hex:02100103>방어해야 할 에테르의 파장이 다르면 영향도 다르겠죠."
473,"TEXT_VOICEMAN_06100_004110_YSHTOLA","제13세계의 흐트러진 환경 에테르에 대응할 수 있도록<hex:02100103>조정해줄 필요가 있겠어요."
474,"TEXT_VOICEMAN_06100_004120_ESTINIEN","……이제 와서 새삼스러운 질문이긴 한데,<hex:02100103>제13세계는 대체 어떤 곳이지?<hex:02100103>이해가 되도록 설명해줘."
475,"TEXT_VOICEMAN_06100_004130_YSHTOLA","그렇군요……<hex:02100103>이번 기회에<hex:02100103>제13세계에 대해서 한번 되짚고 넘어가죠."
476,"TEXT_VOICEMAN_06100_004140_YSHTOLA","제13세계는 어둠의 범람으로 인해<hex:02100103>'무'…… '보이드'라 불리게 된 세계예요."
477,"TEXT_VOICEMAN_06100_004150_YSHTOLA","에메트셀크에 따르면<hex:02100103>억지로 세계를 재통합하려고 시도했던 결과라는데……<hex:02100103>결국엔 통합할 가치도 없는 세계가 되어 버렸죠."
478,"TEXT_VOICEMAN_06100_004160_YSHTOLA","그 원인에 대해서 삼투신을 둘러싼 전투에서 만난 불멸의 존재,<hex:02100103>'우누칼하이'는 이렇게 말했어요."
479,"TEXT_VOICEMAN_06100_004170_YSHTOLA","제13세계에서는<hex:02100103>'성석'이라는 돌에 야만신의 힘을 가두는 마법이 발달했다."
480,"TEXT_VOICEMAN_06100_004180_YSHTOLA","그리고 그 세계의 영웅들은 전투 중에 성석의 힘에 휩쓸려<hex:02100103>에테르를 먹어치우는 요마로 변이해 버렸다."
481,"TEXT_VOICEMAN_06100_004190_YSHTOLA","하지만 그것을 막을 힘을 가진 '빛'은 너무나도 약해서<hex:02100103>어둠의 범람에서 세계를 구할 수는 없었다, 라고요……."
482,"TEXT_VOICEMAN_06100_004200_YSHTOLA","그러고 보니 우누칼하이를 죽음의 심연에서 구해낸 건<hex:02100103>아씨엔 엘리디부스였죠."
483,"TEXT_VOICEMAN_06100_004210_YSHTOLA","조정자인 그에게 이용당했던 건<hex:02100103>우누칼하이뿐이었을까요……?"
484,"TEXT_VOICEMAN_06100_Q17_000_001_NONE_VOICE","뭐라고 말씀하시겠습니까?"
485,"TEXT_VOICEMAN_06100_A17_000_001_NONE_VOICE","헤매는 계단 식당의 종업원이……"
486,"TEXT_VOICEMAN_06100_A17_000_002_NONE_VOICE","아르버트의 동료였던 엘프족 검사가……"
487,"TEXT_VOICEMAN_06100_004220_YSHTOLA","헤매는 계단 식당의 종업원……?<hex:02100103>이름이 아마…… 사이엘라였던가요?<hex:02100103>엘리디부스가 그녀도 구해냈다는 건가요?"
488,"TEXT_VOICEMAN_06100_004230_YSHTOLA","아르버트 일행 '빛의 전사'와 여행했던<hex:02100103>엘프족 검사 실바요……?<hex:02100103>엘리디부스가 그 사람도 구해냈다는 건가요?"
489,"TEXT_VOICEMAN_06100_004240_YSHTOLA","그래요…….<hex:02100103>사이엘라라는 이름으로 일했던 실바도 우누칼하이처럼<hex:02100103>영웅이라는 말에 농락당했었군요……."
490,"TEXT_VOICEMAN_06100_004250_YSHTOLA","그리고 또…….<hex:02100103>당신은 실제로 노아의 일원으로서, 제13세계로 건너간 경험이 있죠.<hex:02100103>그곳에서 목격한 광경을 가르쳐 줄 수 있을까요?"
491,"TEXT_VOICEMAN_06100_004260_YSHTOLA","어둠으로 뒤덮인, 태양조차 사라진 세계…….<hex:02100103>있는 것이라곤 그저, 에테르를 먹어치우는 무수의 요마뿐…….<hex:02100103>그야말로 보이드라는 이름에 걸맞는군요."
492,"TEXT_VOICEMAN_06100_004270_VARSHAHN","그렇다.<hex:02100103>그래서 난 그대들이 저 세계로 건너가는 것을<hex:02100103>권하고 싶지는 않다."
493,"TEXT_VOICEMAN_06100_004280_YSHTOLA","제13세계로 건너가는 것은<hex:02100103>어디까지나 하나의 과정에 지나지 않아요."
494,"TEXT_VOICEMAN_06100_004290_YSHTOLA","이 여정은 갈라진 모든 세계로 통하고 있고<hex:02100103>난 이 세상의 모든 것을 규명하기 위해 여기 있어요.<hex:02100103>걱정하지 않아도 돼요."
495,"TEXT_VOICEMAN_06100_004300_YSHTOLA","그것을 위한 첫걸음으로서<hex:02100103>반드시 영혼수호 비늘을 조정해야겠어요……."
496,"TEXT_VOICEMAN_06100_004310_NIDHANA","그렇다면 나는 인조 아토모스 제작을 시작할게."
497,"TEXT_VOICEMAN_06100_004320_NIDHANA","문제는 유열향의 자료만으로는 정보가 너무 적다는 거야.<hex:02100103>메가두타 궁전에 있는 태수 일족의 기록 보관고에도<hex:02100103>들어가면 안 될까요?"
498,"TEXT_VOICEMAN_06100_004330_NIDHANA","……아, 저~ 브리트라 님~?"
499,"TEXT_VOICEMAN_06100_004340_VARSHAHN","아, 그래, 듣고 있다.<hex:02100103>돌아가는 대로 관리들에게 말해 두도록 하지."
500,"TEXT_VOICEMAN_06100_004350_NIDHANA","그럼, 우리는 먼저 돌아갈게!"
501,"TEXT_VOICEMAN_06100_004360_NIDHANA","어머, 영혼수호 비늘의 조정은 잘 되고 있어?"
502,"TEXT_VOICEMAN_06100_004370_YSHTOLA","네, 시간은 걸리겠지만 희망적이에요."
503,"TEXT_VOICEMAN_06100_004380_NIDHANA","잘됐다!<hex:02100103>우리도 브리트라 님께서 허가해주신 덕분에<hex:02100103>태수 일족의 기록에서 유익한 정보를 찾았어."
504,"TEXT_VOICEMAN_06100_004390_NIDHANA","그 보물고가 만들어진 당시의 거래 기록에서<hex:02100103>몇 가지 특징적인 연금 재료의 구입 이력을 찾았거든.<hex:02100103>분명 그것이 인조 아토모스 제작의 열쇠가 될 거야."
505,"TEXT_VOICEMAN_06100_004400_NIDHANA","그래서 알키미야 제약당에 구해달라고 부탁했는데,<hex:02100103>그 얘길 듣더니 그쪽 연금술사들도 관심이 생겼는지<hex:02100103>우리 쪽 일을 돕기로 했어!"
506,"TEXT_VOICEMAN_06100_004410_YSHTOLA","인위적으로 보이드의 문을 열겠다는 말을 들으면,<hex:02100103>보통 꽁무니를 뺀다 해도 이상하지 않을 상황인데,<hex:02100103>역시 명성 높은 라자한의 연금술사들답군요."
507,"TEXT_VOICEMAN_06100_004420_VARSHAHN","과거의 연금술사들도 그들과 같은 눈빛을 하고 있었다.<hex:02100103>미지의 존재에 공포를 느끼는 것이 아니라<hex:02100103>그 모든 것을 규명하겠다며 눈을 반짝였지……."
508,"TEXT_VOICEMAN_06100_004430_YSHTOLA","당신에게도 위험을 무릅쓰고서라도<hex:02100103>이루고 싶은 소원이 있지 않나요?"
509,"TEXT_VOICEMAN_06100_004440_VARSHAHN","……나는 알에서 가장 늦게 부화했다.<hex:02100103>아버지 미드가르드오름이 휴면기에 들어간 이후에는<hex:02100103>아주다야가 날 품어주었다고 한다."
510,"TEXT_VOICEMAN_06100_004450_VARSHAHN","그래서인지 부화한 뒤에도<hex:02100103>난 아주다야의 곁에서 떨어질 줄 몰랐다…….<hex:02100103>어미 뒤를 계속 쫓아다니는 병아리처럼."
511,"TEXT_VOICEMAN_06100_004460_VARSHAHN","이전에도 말했지만, 아주다야는 나에게<hex:02100103>누이이자, 부모라고도 할 수 있는 존재다……<hex:02100103>단 하루도 잊은 적이 없어."
512,"TEXT_VOICEMAN_06100_004470_VARSHAHN","어디에 있다 해도 반드시 찾아내겠다고,<hex:02100103>그리고 다시 한 번 함께 하늘을 날고 싶다고<hex:02100103>……그렇게 빌지 않은 날이 없었다."
513,"TEXT_VOICEMAN_06100_004480_VARSHAHN","하지만 지금 나에겐……"
514,"TEXT_VOICEMAN_06100_004490_NAHBDEEN","(-???-)저희 별빛전사단을 잊으시면 곤란합니다!"
515,"TEXT_VOICEMAN_06100_004500_VARSHAHN","나브딘…… 어떻게……."
516,"TEXT_VOICEMAN_06100_004510_NAHBDEEN","사정은 에스티니앙 님에게 들었습니다."
517,"TEXT_VOICEMAN_06100_004520_NAHBDEEN","브리트라 님, 당신은 아주 오랜 옛날부터<hex:02100103>라자한을 지켜야 한다는 일념 하나로 살아오셨습니다…….<hex:02100103>우리가 두려워할까 봐 정체를 감추시면서까지……."
518,"TEXT_VOICEMAN_06100_004530_NAHBDEEN","그렇기에 겉모습이야 어떻든 당신이야말로<hex:02100103>존경받아 마땅한 라자한의 태수라고 단언할 수 있었습니다."
519,"TEXT_VOICEMAN_06100_004540_NAHBDEEN","그런 저희가 당신의 행복을<hex:02100103>바라지 않을 거라고 생각하십니까?"
520,"TEXT_VOICEMAN_06100_004550_NAHBDEEN","저희는 괜찮습니다.<hex:02100103>그 종말에서조차 살아남았습니다…….<hex:02100103>잠시 동안이라면, 저희 별빛전사단이 이 나라를 지켜내겠습니다!"
521,"TEXT_VOICEMAN_06100_004560_VARSHAHN","나브딘, 그대의 마음은 고맙네만……"
522,"TEXT_VOICEMAN_06100_004570_NAHBDEEN","에잇, 시끄러워!"
523,"TEXT_VOICEMAN_06100_004580_NAHBDEEN","지금은 그 모습이니…… 괜찮지?"
524,"TEXT_VOICEMAN_06100_004590_NAHBDEEN","전에 말했지, '바르샨'.<hex:02100103>넌 우리들의 동생, 가족과도 같은 존재라고……."
525,"TEXT_VOICEMAN_06100_004600_NAHBDEEN","그러니 네 누이는<hex:02100103>우리에게도 가족이나 마찬가지야."
526,"TEXT_VOICEMAN_06100_004610_NAHBDEEN","그러니까 의지해도 돼…… 우리를.<hex:02100103>몇천 년 동안 잊은 적도 없는 누나를 포기하겠다느니,<hex:02100103>그런 소리는 집어치우고!"
527,"TEXT_VOICEMAN_06100_004620_NIDHANA","누님이 계신 세계로 통하는 문은<hex:02100103>저희가 반드시 열게요! 그러니 다녀 오세요……!"
528,"TEXT_VOICEMAN_06100_004630_MEHRAHD","브리트라 님……<hex:02100103>고아원을 지어주셔서 고마워요.<hex:02100103>여동생과 헤어지지 않아도 된다는 걸 알고 정말 기뻤어요."
529,"TEXT_VOICEMAN_06100_004640_MEHRAHD","그러니깐 전 알 수 있어요!<hex:02100103>누나와 헤어진 일이 얼마나 괴로운지……!"
530,"TEXT_VOICEMAN_06100_Q18_000_001_NONE_VOICE","뭐라고 말씀하시겠습니까?"
531,"TEXT_VOICEMAN_06100_A18_000_001_NONE_VOICE","나아갈 거라면 끝까지 지켜내라!"
532,"TEXT_VOICEMAN_06100_A18_000_002_NONE_VOICE","멈춰 서 있어도 괜찮아?"
533,"TEXT_VOICEMAN_06100_004650_VARSHAHN","……나아갈 거라면 끝까지 지켜내라고."
534,"TEXT_VOICEMAN_06100_004660_VARSHAHN","언젠가 그대에게 했던 말을 내가 듣게 될 줄이야…….<hex:02100103>분명 그것은 멈춰 선 자의 변명이었을지도 모르겠구나."
535,"TEXT_VOICEMAN_06100_004670_VARSHAHN","나아가서 지키란 말이구나.<hex:02100103>아주다야도, 라자한도."
536,"TEXT_VOICEMAN_06100_004680_VARSHAHN","그렇다면 내게 나아가라는 건가……?"
537,"TEXT_VOICEMAN_06100_004690_VARSHAHN","'나아갈 거라면 끝까지 지켜내라'.<hex:02100103>그래, 언젠가 그대에게 했던 이 말은<hex:02100103>멈춰 선 자의 변명이었을지도 모른다."
538,"TEXT_VOICEMAN_06100_004700_VARSHAHN","나아가서 지키란 말이구나.<hex:02100103>아주다야도, 라자한도."
539,"TEXT_VOICEMAN_06100_004710_VARSHAHN","모두들 미안하다,<hex:02100103>잠시 동안 바르샨은 이 나라를 떠나 있겠다."
540,"TEXT_VOICEMAN_06100_004720_VARSHAHN","물론 메가두타 궁전에 본체가 남아 있으니<hex:02100103>완전히 부재라고 할 순 없다.<hex:02100103>태수의 직무도 최소한은 소화하도록 하마."
541,"TEXT_VOICEMAN_06100_004730_VARSHAHN","하지만 바르샨을 움직이고 있을 동안에는<hex:02100103>내가 미처 살펴보지 못하는 일도 많을 것이다."
542,"TEXT_VOICEMAN_06100_004740_VARSHAHN","그러니 아주다야를 데리고 돌아올 때까지<hex:02100103>그대들의 힘을 빌려다오."
543,"TEXT_VOICEMAN_06100_004750_NAHBDEEN","조심해서 다녀와라.<hex:02100103>전에도 말했지만, 너한테 무슨 일이 생긴다면<hex:02100103>많은 사람들이 슬퍼할 테니 말이다."
544,"TEXT_VOICEMAN_06100_004760_VARSHAHN","다시 한번 명심하마."
545,"TEXT_VOICEMAN_06100_004765_SYSTEM_NONE_VOICE","한편 제13세계――"
546,"TEXT_VOICEMAN_06100_004770_MYSTERIOUSPERSON","나는 돌아온 것인가――"
547,"TEXT_VOICEMAN_06100_004780_MYSTERIOUSPERSON","영웅을 잃은 이 세계로――"
